aX,aY,aZ,gX,gY,gZ
-0.104,0.690,2.424,25.146,-56.152,14.221
-0.117,0.701,2.469,102.112,-9.521,13.977
-0.044,0.790,2.346,145.996,14.099,9.705
-0.014,0.797,2.161,234.131,53.040,4.150
0.032,0.688,1.675,276.123,67.200,0.305
0.052,0.593,1.445,338.318,75.073,-11.658
0.062,0.420,1.082,348.877,67.444,-11.169
0.021,0.364,0.874,356.201,58.594,-8.301
0.005,0.256,0.531,358.093,67.017,-13.733
0.020,0.235,0.385,357.666,81.726,-22.156
0.037,0.215,0.238,357.056,109.863,-41.687
0.018,0.132,-0.054,357.971,116.272,-53.528
-0.032,0.057,-0.217,357.056,117.432,-81.299
-0.200,-0.209,-0.513,352.295,122.375,-96.436
-0.286,-0.332,-0.634,328.796,130.920,-122.437
-0.460,-0.551,-0.907,318.237,129.211,-128.540
-0.542,-0.693,-1.052,295.105,102.905,-114.075
-0.633,-1.026,-1.278,268.433,82.947,-92.896
-0.626,-1.143,-1.362,178.101,52.185,-39.246
-0.460,-1.238,-1.323,125.366,41.809,-12.634
-0.309,-1.230,-1.183,75.012,29.907,12.817
0.036,-1.115,-0.815,-1.404,-13.245,53.711
0.155,-1.039,-0.675,-25.208,-46.082,66.406
0.220,-0.978,-0.583,-55.420,-98.145,74.341
0.208,-0.905,-0.485,-65.308,-105.469,68.115
0.151,-0.890,-0.465,-79.285,-84.717,43.518
0.014,-0.935,-0.492,-84.412,-64.697,33.020
-0.023,-0.988,-0.530,-97.351,-28.198,27.405
0.036,-1.071,-0.589,-107.117,-17.151,32.166
0.123,-1.041,-0.581,-135.803,-21.362,51.514
0.313,-0.873,-0.505,-151.489,-36.743,60.730
0.358,-0.767,-0.458,-179.565,-81.177,61.218
0.311,-0.600,-0.316,-195.374,-99.426,51.636
0.267,-0.541,-0.202,-231.384,-112.244,26.855
0.214,-0.433,0.096,-247.620,-112.915,18.311
0.196,-0.369,0.254,-264.587,-126.160,13.794
0.097,-0.263,0.517,-262.390,-138.000,13.550
0.022,-0.233,0.611,-255.249,-145.813,10.803
-0.045,-0.209,0.700,-245.239,-129.944,-3.479
-0.056,-0.087,0.930,-245.911,-107.117,-12.573
-0.032,0.015,1.095,-248.291,-69.336,-30.334
-0.113,0.094,1.390,-236.755,-55.542,-38.818
-0.173,0.056,1.406,-174.561,-23.865,-44.189
-0.165,-0.045,1.229,-147.583,-12.207,-38.269
-0.112,-0.026,1.214,-149.231,-7.812,-27.039
-0.049,0.114,1.450,-162.720,-11.292,-28.015
-0.067,0.152,1.578,-154.968,-28.992,-31.738
-0.188,0.060,1.617,-131.958,-40.894,-27.527
-0.245,-0.027,1.542,-87.463,-53.467,-6.897
-0.261,-0.155,1.359,-77.332,-50.842,2.991
-0.230,-0.166,1.306,-74.707,-30.334,10.193
-0.163,-0.164,1.243,-72.754,-14.587,7.812
-0.133,-0.173,1.202,-59.570,19.592,-3.479
-0.078,-0.151,1.143,-54.077,29.724,-8.728
-0.055,-0.117,1.150,-49.377,24.780,-7.996
-0.029,-0.075,1.209,-49.744,13.672,-4.211
-0.025,-0.070,1.227,-51.514,1.404,-1.465
-0.063,-0.078,1.228,-46.143,-3.662,-2.808
-0.080,-0.108,1.206,-36.682,3.723,-6.775
-0.085,-0.141,1.168,-18.066,17.151,-9.155
-0.064,-0.189,1.053,-13.184,18.616,-6.531
-0.039,-0.194,1.008,-13.245,13.611,-0.488
0.014,-0.156,0.990,-16.907,9.338,1.099
0.019,-0.131,1.003,-25.146,1.465,-0.854
-0.006,-0.083,1.036,-26.062,-0.793,-3.601
-0.028,-0.068,1.048,-21.057,-2.808,-5.554
-0.057,-0.089,1.045,-17.029,-2.563,-3.906
-0.059,-0.103,1.034,-15.137,1.892,-2.136
-0.051,-0.094,1.015,-16.479,5.920,-3.235
-0.035,-0.090,1.009,-18.433,10.132,-7.019
-0.017,-0.073,1.023,-20.691,7.874,-8.850
-0.024,-0.065,1.038,-21.301,0.244,-7.812
-0.020,-0.067,1.049,-18.738,-2.563,-5.371
-0.008,-0.062,1.034,-13.489,-1.526,-4.822
0.014,-0.062,0.998,-11.963,1.465,-8.179
-0.001,-0.064,1.002,-12.573,7.935,-16.479
-0.015,-0.042,1.059,-10.620,9.277,-17.273
-0.007,-0.052,1.061,-7.751,8.362,-15.869
-0.010,-0.057,1.040,-6.775,6.714,-12.024
0.003,-0.059,1.005,-7.446,7.324,-10.681
0.011,-0.056,1.003,-10.315,8.972,-12.207
-0.000,-0.034,1.019,-12.024,8.789,-13.733
-0.009,-0.026,1.024,-15.320,7.385,-14.099
-0.015,-0.005,1.023,-14.954,6.348,-12.939
-0.016,-0.016,1.004,-8.301,0.793,-7.446
-0.013,-0.055,0.952,-6.042,-1.099,-4.761
-0.009,-0.049,0.950,-5.737,-1.709,-1.404
-0.007,-0.036,0.972,-3.662,-2.258,0.183
-0.013,-0.047,0.978,1.770,-0.854,1.770
-0.003,-0.036,1.002,2.319,3.479,0.366
0.003,-0.030,1.030,2.686,10.010,-3.662
0.001,-0.047,1.046,1.892,9.644,-4.578
-0.007,-0.052,1.031,-0.305,7.996,-4.883
-0.006,-0.048,1.012,-3.113,3.723,-3.357
0.007,-0.031,1.006,-3.601,0.488,-2.136
0.003,-0.026,1.010,-5.005,-2.380,-0.854
-0.005,-0.026,1.005,-5.615,-0.122,-1.282
-0.008,-0.032,0.994,-7.019,5.554,-3.235
-0.012,-0.015,0.989,-8.240,6.409,-4.089
-0.008,-0.002,0.995,-9.277,4.822,-5.127
-0.010,-0.001,1.001,-8.545,2.991,-4.883
-0.016,-0.003,1.002,-6.470,-0.977,-1.709
-0.016,-0.013,0.997,-6.042,-1.282,0.366
-0.011,-0.015,0.991,-9.094,-1.099,0.305
-0.014,-0.009,0.997,-11.353,-2.014,-1.099
-0.016,-0.011,1.000,-12.695,-2.808,-1.892
-0.003,-0.016,1.014,-12.085,-2.136,-1.221
0.009,-0.020,1.013,-10.864,-0.916,-0.244
0.027,-0.032,0.996,-9.460,0.122,-0.488
0.018,-0.034,0.998,-10.315,-1.465,-1.953
0.012,-0.031,1.007,-11.414,-4.517,-2.930
0.021,-0.027,1.016,-11.353,-4.150,-2.441
0.027,-0.017,1.010,-11.780,-2.258,-3.662
0.021,0.002,1.008,-11.230,-2.136,-4.517
0.009,-0.000,1.011,-7.690,-3.296,-4.639
-0.004,0.003,1.004,-6.348,-2.686,-4.578
-0.005,0.007,1.001,-7.141,1.099,-5.310
-0.010,0.015,1.002,-7.446,2.869,-5.859
-0.008,0.019,0.997,-5.554,2.075,-5.798

-0.099,0.903,2.421,6.653,-64.331,32.227
-0.145,0.917,2.500,87.769,-36.194,30.945
-0.170,0.927,2.379,134.949,-12.695,29.663
-0.147,0.933,2.241,221.497,20.142,41.199
-0.143,0.826,1.856,262.085,29.114,52.429
-0.156,0.735,1.630,338.928,52.490,66.406
-0.149,0.576,1.181,369.263,69.885,66.101
-0.123,0.556,1.004,397.461,113.159,54.993
-0.070,0.536,0.748,404.297,137.390,46.936
-0.060,0.454,0.605,415.588,160.645,37.231
-0.059,0.341,0.441,435.181,187.805,12.024
-0.051,0.195,0.116,433.044,192.261,-3.174
-0.050,0.163,-0.023,410.339,192.383,-31.006
-0.091,-0.009,-0.193,397.583,188.538,-41.870
-0.129,-0.137,-0.265,374.023,172.852,-61.035
-0.235,-0.358,-0.490,364.258,166.565,-74.707
-0.303,-0.427,-0.643,354.858,149.231,-103.210
-0.497,-0.557,-1.050,353.210,130.676,-109.924
-0.626,-0.667,-1.301,333.618,89.478,-102.112
-0.666,-0.943,-1.837,301.270,69.397,-85.876
-0.607,-1.113,-1.929,174.377,25.085,-29.480
-0.299,-1.155,-1.721,93.384,1.587,3.479
-0.043,-0.993,-1.452,28.076,-27.405,30.457
0.273,-0.802,-0.972,-29.846,-99.365,52.246
0.290,-0.813,-0.798,-41.199,-122.498,50.903
0.270,-0.789,-0.551,-70.740,-104.980,39.978
0.276,-0.745,-0.496,-84.290,-77.759,32.593
0.263,-0.724,-0.490,-96.802,-36.743,14.587
0.098,-0.791,-0.572,-100.403,-25.757,5.066
-0.005,-0.850,-0.629,-117.859,-4.761,-6.714
-0.076,-0.908,-0.690,-133.911,3.601,-5.859
-0.038,-0.897,-0.672,-170.410,-7.141,9.644
0.084,-0.843,-0.546,-185.303,-28.137,21.790
0.135,-0.805,-0.458,-203.857,-80.872,43.640
0.151,-0.715,-0.276,-209.595,-102.722,49.805
0.135,-0.669,-0.196,-222.229,-117.187,49.866
0.158,-0.571,-0.022,-230.591,-113.708,46.265
0.173,-0.525,0.082,-250.061,-110.962,39.856
0.166,-0.482,0.318,-259.216,-109.985,35.339
0.157,-0.444,0.466,-274.902,-99.121,23.010
0.178,-0.300,0.775,-270.203,-93.079,16.357
0.184,-0.258,0.885,-252.136,-93.689,10.315
0.145,-0.252,0.960,-211.548,-112.061,3.052
-0.006,-0.317,1.073,-199.463,-108.032,-0.854
-0.037,-0.306,1.119,-186.279,-59.204,-11.963
0.030,-0.199,1.126,-177.063,-34.973,-16.846
0.072,-0.177,1.129,-158.752,-30.029,-20.874
0.029,-0.216,1.183,-155.457,-44.739,-18.005
-0.037,-0.247,1.205,-146.179,-59.753,-12.085
-0.078,-0.267,1.235,-133.911,-47.913,-13.184
-0.068,-0.254,1.231,-107.971,-18.677,-16.357
-0.048,-0.227,1.215,-98.450,-9.399,-15.869
-0.031,-0.224,1.224,-90.759,-1.526,-10.437
-0.023,-0.221,1.263,-88.867,-3.357,-7.263
-0.030,-0.220,1.277,-80.017,-6.714,-4.028
-0.035,-0.222,1.271,-74.646,-4.272,-4.211
-0.024,-0.232,1.249,-59.937,1.831,-4.578
-0.015,-0.286,1.162,-53.040,0.977,-3.296
-0.003,-0.308,1.112,-47.363,-0.366,-0.488
0.045,-0.256,1.090,-49.622,-1.343,-1.038
0.057,-0.229,1.108,-50.232,-3.235,-3.845
0.053,-0.215,1.154,-47.791,-1.953,-5.676
0.043,-0.219,1.152,-36.926,2.991,-8.606
0.031,-0.239,1.086,-30.212,6.775,-9.277
0.027,-0.257,1.033,-24.963,11.841,-9.766
0.034,-0.267,0.980,-21.606,22.339,-10.986
0.077,-0.246,0.906,-22.705,21.973,-11.719
0.086,-0.232,0.891,-28.503,6.042,-12.451
0.054,-0.214,0.901,-33.447,-3.296,-12.756
0.038,-0.208,0.915,-47.485,-10.132,-16.724
0.017,-0.173,0.964,-54.138,-9.460,-19.104
-0.002,-0.146,1.004,-61.096,-6.165,-20.813
-0.006,-0.098,1.102,-60.425,-2.319,-20.142
0.020,-0.078,1.141,-48.096,2.319,-15.930
0.035,-0.070,1.152,-38.147,0.000,-13.367
0.028,-0.079,1.130,-20.874,-2.808,-8.484
0.035,-0.093,1.092,-15.686,-1.038,-6.592
0.034,-0.106,1.078,-13.184,2.991,-3.540
0.032,-0.122,1.060,-12.512,7.874,-3.601
0.038,-0.122,1.037,-5.371,27.100,-9.705
0.054,-0.092,1.022,-2.075,32.776,-13.611
0.050,-0.094,1.019,1.648,33.691,-15.076
0.060,-0.117,1.000,7.690,23.132,-6.348
0.072,-0.130,0.990,6.897,14.038,-1.221
0.079,-0.129,0.993,-1.404,-2.563,2.930
0.071,-0.118,0.992,-3.906,-6.226,2.380
0.061,-0.121,0.992,-4.822,-6.042,0.122
0.051,-0.123,0.993,-5.005,-4.700,-0.427
0.057,-0.103,1.015,-1.404,-8.728,0.549
0.044,-0.086,1.054,3.479,-14.465,2.380
0.033,-0.098,1.050,5.920,-19.653,5.981
0.040,-0.097,1.037,3.845,-18.677,5.249
0.042,-0.095,1.045,0.061,-13.123,-1.038
0.028,-0.109,1.034,-1.709,-8.728,-3.540
0.022,-0.122,1.006,-3.296,-1.160,-3.784
0.029,-0.140,0.973,-3.723,-0.732,-2.930
0.030,-0.145,0.975,-4.150,-2.747,-2.258
0.016,-0.139,1.003,-4.639,-11.169,-1.404
0.005,-0.131,1.012,-4.578,-14.648,-0.854
-0.005,-0.114,1.009,-3.601,-16.724,0.854
-0.004,-0.095,1.005,-3.723,-16.357,1.343
0.002,-0.084,1.004,-2.625,-10.376,0.671
0.004,-0.092,0.993,-1.282,-6.287,-0.549
0.004,-0.098,0.990,0.061,-0.427,-1.709
0.019,-0.114,0.992,0.488,0.061,-0.977
0.021,-0.128,0.987,2.502,-2.930,0.671
0.026,-0.130,0.987,3.174,-5.066,1.099
0.026,-0.122,0.997,2.686,-9.460,0.488
0.012,-0.113,1.018,1.465,-11.169,-0.366
0.000,-0.103,1.012,-0.183,-11.658,-1.160
-0.009,-0.085,1.016,-2.075,-6.226,-0.732
-0.010,-0.089,1.012,-2.197,-2.502,0.427
-0.005,-0.098,1.001,-2.869,1.038,2.869
0.015,-0.111,0.986,-3.113,-0.122,3.784
0.022,-0.115,0.982,-2.319,-2.258,4.150
0.029,-0.115,0.983,-1.709,-2.075,3.479
0.022,-0.117,0.987,0.305,-2.014,2.380
-0.004,-0.120,0.989,1.770,-1.831,2.075
-0.012,-0.113,0.993,3.906,-2.380,2.563

-0.231,0.352,2.049,57.251,-34.546,30.273
-0.253,0.350,2.078,106.812,-29.968,43.030
-0.262,0.336,1.990,134.399,-27.466,51.025
-0.249,0.326,1.881,188.660,-7.935,61.646
-0.240,0.275,1.563,212.769,10.559,64.819
-0.223,0.252,1.392,253.296,51.819,69.763
-0.154,0.229,1.095,267.822,70.251,69.885
-0.114,0.221,0.972,288.269,106.201,64.270
0.020,0.203,0.816,297.791,120.056,59.509
0.077,0.195,0.738,316.223,120.117,46.265
0.079,0.113,0.561,324.097,113.525,39.001
0.072,0.060,0.491,327.087,122.681,20.447
0.079,-0.033,0.377,328.735,133.545,8.606
0.090,-0.075,0.324,333.252,138.733,-2.808
0.093,-0.115,0.262,346.313,138.245,-19.104
0.019,-0.219,0.024,358.032,136.719,-27.283
-0.092,-0.269,-0.174,385.193,140.259,-45.654
-0.401,-0.309,-0.708,396.912,155.334,-53.955
-0.566,-0.339,-1.056,420.959,194.458,-68.115
-0.871,-0.612,-1.951,419.983,209.351,-61.462
-0.808,-0.906,-2.371,307.678,203.430,18.738
-0.023,-1.130,-2.505,197.083,165.039,66.956
0.370,-0.901,-2.117,2.380,12.512,62.073
0.486,-0.608,-1.256,-44.800,-65.979,26.245
0.393,-0.645,-0.961,-88.623,-144.653,-19.958
0.169,-0.728,-0.646,-110.535,-135.742,-27.405
0.052,-0.723,-0.582,-144.592,-67.566,-31.982
-0.129,-0.790,-0.586,-153.442,-32.532,-28.564
-0.144,-0.854,-0.606,-171.570,8.179,-6.775
-0.069,-0.873,-0.592,-182.983,11.841,4.944
0.008,-0.854,-0.547,-200.073,-3.418,18.738
0.140,-0.812,-0.407,-202.515,-24.109,22.949
0.133,-0.802,-0.332,-196.960,-78.125,27.344
0.079,-0.783,-0.179,-196.716,-95.703,28.748
0.077,-0.730,-0.097,-211.609,-103.027,31.433
0.111,-0.611,0.064,-221.436,-101.318,32.166
0.108,-0.571,0.155,-231.506,-102.661,33.508
0.074,-0.538,0.256,-253.113,-103.027,34.546
0.088,-0.399,0.505,-259.460,-90.149,31.189
0.149,-0.318,0.614,-238.098,-73.303,18.066
0.159,-0.305,0.723,-215.210,-83.252,12.512
0.109,-0.347,0.741,-189.819,-103.455,6.104
-0.011,-0.393,0.779,-191.650,-98.938,2.502
-0.022,-0.367,0.826,-212.219,-62.561,-5.310
0.097,-0.242,0.980,-224.426,-47.852,-5.981
0.169,-0.172,1.130,-224.548,-65.491,-5.981
0.039,-0.189,1.380,-200.928,-92.041,-11.597
-0.125,-0.280,1.367,-134.827,-102.539,-22.888
-0.259,-0.350,1.165,-121.887,-66.223,-24.231
-0.170,-0.239,1.141,-139.160,22.034,-25.269
-0.007,-0.041,1.283,-144.775,32.959,-26.611
-0.026,-0.038,1.340,-130.859,-1.099,-19.897
-0.066,-0.134,1.302,-116.577,-16.663,-10.620
-0.057,-0.184,1.238,-87.830,-32.349,-2.441
-0.105,-0.237,1.174,-84.351,-36.072,-5.249
-0.120,-0.224,1.223,-103.577,-19.531,-9.705
-0.103,-0.143,1.338,-108.154,-2.747,-9.155
-0.083,-0.115,1.332,-86.243,25.452,-8.789
-0.021,-0.127,1.204,-69.458,31.189,-9.583
0.008,-0.149,1.138,-48.035,17.761,-8.911
0.017,-0.201,1.050,-46.021,2.930,-5.798
0.018,-0.218,1.035,-53.772,-18.066,-0.610
0.013,-0.182,1.049,-59.937,-20.569,-1.709
0.007,-0.140,1.058,-64.148,-18.555,-5.066
-0.001,-0.044,1.092,-62.744,-11.230,-12.756
-0.007,-0.012,1.123,-57.922,-9.766,-14.587
-0.031,-0.008,1.137,-41.138,-8.789,-11.902
-0.063,-0.032,1.100,-31.372,-4.578,-10.315
-0.061,-0.045,1.082,-18.616,7.935,-8.362
-0.054,-0.071,1.050,-14.832,13.245,-6.714
-0.046,-0.089,1.031,-10.376,16.968,-3.540
-0.022,0.067,1.262,-0.305,14.343,-2.686
0.014,0.013,1.305,35.461,9.277,-5.432
-0.004,-0.147,1.083,20.569,13.000,-6.592
-0.020,-0.112,1.009,-14.465,19.165,-8.057
0.008,-0.103,0.962,-14.343,17.273,-7.324
0.035,-0.066,0.989,-9.399,0.732,-5.188
0.023,-0.065,0.992,-8.118,0.732,-4.395
0.018,-0.063,0.983,-5.432,1.526,-3.235
0.012,-0.060,0.993,-4.456,0.488,-2.808
0.007,-0.059,1.006,-3.784,-1.770,-2.197
-0.001,-0.068,1.008,-3.296,-2.136,-1.953
-0.003,-0.072,1.002,-1.770,-3.662,-1.038
-0.005,-0.088,0.994,-0.977,-3.967,-0.122
0.001,-0.092,0.995,0.122,-3.296,0.305
0.001,-0.093,0.999,3.113,-1.770,-0.122
0.000,-0.085,1.008,3.662,-1.892,-0.061
-0.001,-0.077,1.017,1.526,-3.235,-0.427
-0.016,-0.079,1.017,0.122,-3.418,-0.854
-0.024,-0.084,1.008,-1.648,-2.502,-1.404
-0.034,-0.083,0.998,-2.014,-1.343,-1.648
-0.036,-0.080,0.993,-1.221,1.892,-1.770
-0.024,-0.062,0.987,-0.183,3.662,-1.404
0.007,-0.050,0.992,2.747,5.371,-0.183
0.019,-0.056,0.996,3.906,4.822,0.305
0.026,-0.060,1.004,2.991,1.160,0.732
0.019,-0.080,0.995,1.587,1.648,0.427
0.008,-0.077,0.987,2.319,2.136,0.000
0.001,-0.078,0.991,2.686,2.380,-0.427
0.004,-0.080,1.005,2.136,1.587,-0.671
-0.001,-0.093,1.003,1.709,0.000,-0.610
-0.008,-0.095,1.003,0.488,-3.723,-0.671
-0.019,-0.090,1.005,1.160,-3.723,-0.427
-0.014,-0.087,1.009,1.892,-2.808,0.244
0.007,-0.083,1.011,1.038,0.183,0.977
0.014,-0.078,1.005,-0.244,1.648,-0.061
0.016,-0.074,0.999,-2.014,1.038,-2.747
-0.004,-0.082,0.996,-2.014,-1.343,-3.052
-0.016,-0.090,1.000,-0.793,-3.540,-1.648
-0.019,-0.083,1.005,-0.549,-2.136,-1.099
-0.015,-0.076,0.998,0.916,2.686,-0.427
0.000,-0.062,0.992,1.526,4.211,-0.244
0.005,-0.060,0.995,2.563,5.554,-0.793
0.013,-0.071,0.993,2.808,5.310,-0.977
0.023,-0.075,0.996,1.099,0.610,-0.854
0.028,-0.082,1.013,-0.305,-2.441,-0.793
0.028,-0.088,1.013,-1.526,-4.089,-0.610
0.029,-0.088,0.996,-1.831,-4.211,-0.183
0.022,-0.084,0.995,-1.343,-4.333,-0.427

-0.247,0.859,2.482,-55.237,-91.919,20.874
-0.416,0.849,2.710,41.809,-90.759,43.457
-0.458,0.762,2.605,99.487,-66.040,52.246
-0.402,0.654,2.170,200.439,8.911,59.265
-0.328,0.622,1.937,235.657,41.626,59.875
-0.197,0.564,1.505,288.391,81.360,56.641
-0.149,0.558,1.308,312.256,89.172,52.856
-0.118,0.553,1.127,347.412,84.412,50.354
-0.113,0.486,0.834,356.873,82.397,52.551
-0.118,0.423,0.708,370.850,101.379,55.481
-0.113,0.320,0.418,378.418,122.437,51.880
-0.082,0.290,0.273,383.057,175.476,30.823
0.032,0.218,0.027,382.019,196.106,14.893
0.098,0.170,-0.080,389.526,190.491,-18.799
0.111,0.018,-0.306,396.240,163.940,-28.442
0.061,-0.104,-0.404,401.733,130.371,-31.311
-0.029,-0.222,-0.542,409.485,77.942,-29.053
-0.256,-0.419,-0.945,409.302,76.233,-31.311
-0.377,-0.481,-1.199,395.813,124.573,-47.913
-0.601,-0.587,-1.817,381.775,163.635,-53.833
-0.458,-0.745,-2.111,311.829,196.777,-22.278
-0.020,-1.278,-2.243,237.061,160.339,17.334
0.168,-1.321,-2.081,48.340,21.179,60.364
0.309,-0.835,-1.324,-14.587,-47.729,44.861
0.242,-0.675,-0.976,-68.604,-116.455,6.592
0.057,-0.754,-0.536,-85.632,-107.483,1.953
0.051,-0.798,-0.423,-115.906,-29.602,9.033
0.158,-0.777,-0.397,-122.986,6.348,11.841
0.183,-0.771,-0.455,-127.258,24.719,7.019
0.172,-0.852,-0.599,-130.249,10.132,2.502
0.167,-0.896,-0.621,-137.817,-10.681,-0.366
0.143,-0.904,-0.532,-162.048,-50.964,-0.977
0.109,-0.891,-0.453,-172.363,-68.420,-0.732
0.069,-0.887,-0.375,-182.678,-88.318,3.723
0.030,-0.893,-0.238,-184.387,-88.074,8.545
0.048,-0.864,-0.174,-191.711,-74.707,23.193
0.121,-0.719,-0.073,-197.815,-65.735,30.457
0.175,-0.650,-0.030,-210.510,-55.786,36.804
0.277,-0.555,0.099,-217.712,-60.120,35.767
0.299,-0.521,0.208,-224.304,-85.022,25.024
0.238,-0.446,0.434,-221.191,-100.464,15.625
0.179,-0.417,0.516,-208.252,-114.990,-5.127
0.074,-0.421,0.636,-205.383,-108.948,-12.817
0.041,-0.427,0.722,-216.064,-79.834,-21.545
0.011,-0.356,0.911,-223.206,-65.857,-23.071
0.011,-0.302,0.978,-215.576,-45.410,-21.423
0.013,-0.266,1.044,-198.303,-39.795,-20.691
-0.000,-0.272,1.043,-154.907,-38.025,-23.376
-0.047,-0.281,1.028,-140.991,-40.283,-23.987
-0.056,-0.279,1.063,-138.733,-41.809,-21.362
-0.044,-0.241,1.190,-153.625,-31.067,-17.151
-0.040,-0.224,1.249,-154.907,-18.616,-19.714
-0.036,-0.220,1.287,-130.066,-3.296,-22.888
-0.064,-0.260,1.259,-113.525,-9.827,-19.653
-0.093,-0.304,1.216,-91.003,-23.499,-8.789
-0.102,-0.320,1.203,-88.867,-19.104,-4.395
-0.080,-0.296,1.207,-86.853,7.629,-4.395
-0.014,-0.263,1.159,-81.726,20.264,-6.409
0.012,-0.260,1.120,-72.388,23.010,-5.432
0.038,-0.250,1.076,-71.594,14.465,-2.747
0.034,-0.236,1.078,-74.036,-5.188,1.343
0.005,-0.210,1.113,-75.745,-9.644,1.404
0.002,-0.196,1.121,-73.059,-0.427,-3.174
0.012,-0.188,1.097,-68.176,7.446,-6.042
0.011,-0.190,1.079,-61.401,16.296,-8.667
0.010,-0.184,1.049,-61.523,18.372,-8.972
0.019,-0.163,1.046,-65.552,20.874,-8.545
0.056,-0.120,1.053,-65.613,19.226,-6.958
0.069,-0.102,1.052,-62.805,8.606,-3.418
0.065,-0.082,1.058,-61.401,3.967,-2.319
0.058,-0.089,1.068,-57.800,2.319,-2.502
0.058,-0.114,1.087,-57.739,4.639,-4.456
0.067,-0.110,1.086,-59.814,11.963,-11.292
0.084,-0.054,1.095,-59.692,13.733,-14.771
0.085,-0.024,1.112,-57.678,14.282,-16.663
0.090,-0.008,1.108,-46.936,16.724,-15.015
0.091,-0.018,1.075,-39.734,18.799,-13.306
0.092,-0.033,1.044,-29.358,19.592,-11.658
0.105,-0.063,0.995,-28.625,17.761,-11.169
0.113,-0.065,0.986,-35.095,13.000,-12.390
0.098,-0.041,0.998,-37.598,10.010,-13.367
0.089,-0.026,1.010,-34.485,4.089,-11.719
0.152,0.088,1.229,-24.902,-5.432,-10.071
0.153,0.118,1.251,1.526,-26.917,-5.737
0.112,0.056,1.101,3.296,-22.644,-6.348
0.105,0.049,1.047,-5.371,2.625,-12.573
0.090,0.008,0.982,-4.883,11.536,-12.634
0.089,-0.022,0.965,0.305,10.498,-7.812
0.093,-0.024,0.959,1.465,2.502,-4.028
0.096,-0.012,0.968,2.625,-13.184,3.418
0.096,-0.011,0.998,3.784,-15.747,3.479
0.087,0.000,1.008,7.324,-12.146,-3.662
0.050,0.021,1.012,9.521,-8.545,-4.883
0.041,0.011,1.018,11.230,-5.554,-1.038
0.039,-0.007,1.029,10.559,-5.432,1.282
0.049,-0.016,1.029,7.324,-2.869,3.296
0.073,-0.022,1.018,4.883,-0.488,2.380
0.078,-0.016,1.013,1.709,4.456,-1.160
0.073,-0.020,0.995,1.892,4.822,-1.160
0.070,-0.023,0.990,3.967,1.709,0.977
0.066,-0.014,0.999,4.700,0.671,1.709
0.067,-0.015,1.005,4.883,0.916,1.770
0.065,-0.020,1.006,5.005,3.052,-0.061
0.063,-0.030,0.999,5.066,3.601,-0.793
0.065,-0.032,1.000,3.845,2.075,-0.977
0.070,-0.035,1.013,3.052,1.465,-1.160
0.072,-0.035,1.016,2.014,2.502,-1.648
0.074,-0.033,1.012,1.831,2.686,-1.587
0.073,-0.031,1.005,1.770,2.991,-0.610
0.081,-0.022,1.000,1.587,3.723,-0.610
0.083,-0.016,1.000,0.854,3.113,-0.732
0.082,-0.024,0.998,0.916,2.686,-0.427
0.085,-0.023,0.997,1.770,3.784,-0.671
0.091,-0.026,0.993,2.441,3.418,-0.427
0.089,-0.033,0.995,3.662,1.038,0.305
0.077,-0.038,1.002,4.395,0.549,0.549
0.071,-0.037,1.002,6.348,0.977,1.892
0.074,-0.034,0.999,7.202,1.587,2.380
0.081,-0.030,1.003,7.385,1.404,2.380

-0.252,-1.002,-1.283,189.819,86.426,-66.895
-0.149,-0.999,-1.257,103.455,7.263,-30.029
0.071,-0.937,-0.986,56.824,-34.851,-18.127
0.117,-0.874,-0.771,-17.517,-82.214,-11.597
0.139,-0.849,-0.438,-32.104,-72.327,-15.137
0.153,-0.903,-0.388,-38.513,-5.615,-12.573
0.163,-0.940,-0.483,-41.565,36.011,-5.432
0.152,-0.936,-0.586,-60.303,94.177,4.578
0.064,-0.929,-0.722,-76.599,100.037,5.859
0.031,-0.958,-0.732,-111.023,64.514,13.733
0.050,-0.986,-0.618,-129.517,32.654,23.987
0.094,-0.945,-0.554,-151.062,-35.706,45.349
0.141,-0.902,-0.463,-148.682,-73.425,53.040
0.119,-0.904,-0.418,-145.325,-131.165,60.791
0.072,-0.850,-0.298,-152.039,-138.428,61.768
0.073,-0.800,-0.245,-171.570,-126.709,61.218
0.107,-0.723,-0.176,-181.335,-121.643,59.814
0.123,-0.688,-0.130,-209.045,-125.183,57.800
0.142,-0.607,0.035,-227.783,-130.066,57.983
0.137,-0.460,0.289,-262.573,-138.489,55.664
0.109,-0.406,0.421,-268.433,-142.517,51.392
0.059,-0.381,0.536,-252.258,-144.531,41.687
0.000,-0.325,0.702,-242.493,-134.155,36.011
0.040,-0.267,0.761,-240.662,-97.229,20.142
0.125,-0.118,0.905,-243.164,-88.928,12.695
0.114,-0.083,0.989,-234.131,-95.642,-0.549
-0.007,-0.106,1.123,-222.046,-93.811,-8.789
-0.048,-0.138,1.139,-187.683,-59.692,-23.132
-0.041,-0.194,1.078,-171.143,-42.725,-25.146
-0.028,-0.188,1.059,-159.485,-46.265,-15.503
-0.055,-0.119,1.143,-163.757,-59.265,-5.066
-0.078,-0.088,1.239,-171.082,-59.448,9.094
-0.058,-0.033,1.355,-163.574,-37.292,4.700
-0.019,-0.011,1.361,-126.343,16.357,-18.799
0.015,0.032,1.334,-110.413,25.208,-26.123
0.006,0.036,1.349,-93.384,3.296,-16.174
-0.037,-0.031,1.361,-83.191,-15.381,-3.540
-0.072,-0.084,1.323,-59.509,-33.325,15.259
-0.077,-0.166,1.200,-54.260,-20.569,16.418
-0.041,-0.166,1.131,-52.368,28.748,2.258
0.041,-0.123,1.028,-50.964,46.143,-6.348
0.056,-0.105,1.010,-48.584,43.335,-11.230
0.052,-0.081,1.047,-47.974,30.701,-7.385
0.057,-0.068,1.074,-45.532,7.080,3.418
0.062,-0.054,1.088,-41.870,0.671,6.165
0.058,-0.045,1.088,-36.011,-0.244,5.310
0.049,-0.043,1.088,-35.461,2.258,3.723
0.040,-0.036,1.095,-36.499,8.362,-1.099
0.034,-0.017,1.116,-35.400,12.207,-2.808
0.047,-0.025,1.099,-26.978,20.203,-1.648
0.073,-0.051,1.023,-23.254,21.423,-0.183
0.082,-0.049,1.003,-25.269,15.930,2.625
0.092,-0.028,1.033,-27.832,11.230,4.089
0.090,-0.031,1.043,-26.917,7.935,4.089
0.098,-0.036,1.022,-26.367,10.925,1.770
0.111,-0.022,1.022,-26.428,14.709,-1.038
0.111,0.011,1.035,-23.010,14.160,-2.319
0.144,0.116,1.221,-15.930,5.371,0.916
0.131,0.103,1.406,35.828,-47.241,13.916
0.093,-0.005,1.219,44.006,-42.419,10.437
0.076,-0.034,1.059,1.404,16.479,-14.648
0.073,-0.013,0.990,-9.399,32.959,-20.203
0.076,-0.045,0.984,-5.310,27.344,-11.353
0.105,-0.052,0.962,-3.967,16.357,-6.897
0.104,-0.026,0.964,-2.380,-2.625,-3.601
0.090,-0.010,0.987,-0.488,-5.127,-1.770
0.099,-0.006,0.994,3.113,1.282,0.610
0.122,-0.012,0.988,5.005,6.287,0.183
0.127,-0.013,0.994,6.592,7.019,-2.930
0.111,-0.023,1.017,5.981,3.174,-3.601
0.110,-0.030,1.034,1.648,-2.991,-1.892
0.112,-0.045,1.031,-0.549,-3.479,-1.160
0.114,-0.046,1.011,-2.686,-0.977,-1.282
0.114,-0.034,0.984,-1.892,0.610,-1.221
0.108,-0.028,0.978,1.343,3.601,-0.549
0.099,-0.021,0.986,2.808,3.357,-0.488
0.086,-0.015,0.998,3.662,-1.892,-1.099
0.068,-0.012,1.023,2.502,-4.150,-0.732
0.073,-0.020,1.021,-1.099,-4.395,-0.549
0.084,-0.032,1.007,-2.686,-4.028,-1.587
0.089,-0.029,1.008,-4.456,-4.761,-2.258
0.095,-0.030,0.997,-4.395,-5.127,-1.404
0.098,-0.030,0.988,-2.441,-6.714,-0.183
0.099,-0.026,0.990,-1.160,-7.080,-0.244
0.098,-0.025,0.997,0.305,-6.470,-0.366
0.093,-0.015,1.004,0.549,-5.371,-0.488
0.092,-0.007,1.004,0.366,-3.174,-0.671
0.092,-0.014,0.998,0.366,-2.808,-0.183
0.090,-0.027,0.992,0.610,-3.052,0.488
0.101,-0.030,0.992,1.282,-4.089,1.343
0.110,-0.028,1.004,1.282,-4.761,1.282
0.096,-0.036,1.012,-0.122,-7.629,0.183
0.080,-0.040,1.009,-1.038,-8.667,-0.793
0.069,-0.038,1.012,-2.258,-8.179,-1.160
0.068,-0.034,1.010,-2.441,-6.897,-1.038
0.074,-0.027,0.999,-1.160,-4.395,-0.854
0.074,-0.026,0.995,-0.732,-4.395,-0.671
0.057,-0.027,1.004,0.427,-4.883,-0.732
0.051,-0.024,1.010,0.793,-3.967,-1.038
0.050,-0.021,1.009,-0.305,0.122,-2.014
0.058,-0.015,0.995,-0.854,2.014,-2.686
0.061,-0.013,0.989,0.183,2.075,-2.625
0.062,-0.025,0.997,1.404,0.671,-1.343
0.066,-0.038,1.001,2.563,0.610,0.427
0.090,-0.035,1.003,2.563,1.648,-0.305
0.096,-0.028,1.007,2.319,0.854,-1.526
0.080,-0.031,1.010,2.258,0.244,-1.648
0.067,-0.033,1.006,2.258,1.587,-1.831
0.052,-0.033,1.001,2.686,2.625,-1.831
0.054,-0.031,0.999,4.028,3.662,-0.854
0.070,-0.024,0.996,4.272,3.296,-0.610
0.075,-0.020,1.000,3.418,2.197,-1.831
0.063,-0.026,1.004,2.808,3.113,-2.747
0.062,-0.028,1.000,2.747,6.348,-3.418
0.088,-0.013,1.004,2.502,5.737,-2.380
0.098,-0.014,1.013,0.427,1.282,-0.183
0.105,-0.034,1.009,-1.282,-0.305,-0.793
0.105,-0.037,1.001,-3.906,-1.160,-3.296
0.092,-0.043,1.000,-4.089,-1.099,-3.967

-0.762,-0.916,-1.683,336.487,203.857,-159.607
-0.722,-1.158,-1.888,196.289,165.833,-97.351
-0.403,-1.477,-1.733,103.027,127.502,-49.683
-0.236,-1.351,-1.423,-49.744,33.142,25.513
0.066,-0.904,-0.820,-77.698,-20.630,42.480
0.149,-0.816,-0.613,-91.858,-96.313,51.819
0.148,-0.850,-0.301,-102.417,-100.891,46.875
0.120,-0.858,-0.112,-118.958,-64.636,29.297
0.099,-0.872,-0.103,-100.769,-45.471,25.085
-0.013,-0.955,-0.230,-87.463,-47.668,26.672
-0.071,-1.003,-0.298,-86.243,-42.053,28.748
-0.097,-1.018,-0.309,-100.891,-29.907,29.724
-0.067,-0.995,-0.256,-134.338,-12.024,36.560
-0.024,-0.941,-0.147,-142.761,-15.808,42.908
-0.035,-0.925,-0.115,-142.090,-38.391,54.565
-0.047,-0.895,-0.077,-139.648,-47.363,60.303
-0.021,-0.859,-0.066,-140.686,-60.303,74.524
0.064,-0.775,-0.041,-145.691,-68.665,81.238
0.099,-0.743,-0.009,-167.725,-87.952,87.708
0.111,-0.643,0.112,-182.678,-93.201,86.609
0.111,-0.586,0.184,-201.599,-85.693,78.247
0.166,-0.492,0.354,-205.261,-80.750,73.608
0.189,-0.440,0.448,-209.167,-90.393,68.298
0.163,-0.350,0.667,-208.618,-102.600,68.542
0.113,-0.314,0.795,-207.703,-111.694,68.909
0.087,-0.256,0.976,-199.585,-90.698,58.167
0.131,-0.229,0.996,-186.645,-66.406,47.302
0.262,-0.152,0.989,-158.325,-40.649,29.724
0.299,-0.111,1.017,-153.320,-46.326,24.536
0.228,-0.105,1.144,-153.503,-62.195,7.019
0.168,-0.118,1.196,-144.775,-32.410,-18.311
0.139,-0.123,1.218,-133.118,-12.390,-23.987
0.132,-0.116,1.219,-116.272,-14.160,-14.038
0.073,-0.123,1.261,-113.708,-28.137,-6.104
0.041,-0.131,1.283,-106.140,-44.006,7.385
-0.004,-0.174,1.283,-100.586,-39.490,12.024
0.005,-0.176,1.265,-88.562,-12.390,11.658
0.043,-0.137,1.200,-80.933,-3.967,11.353
0.052,-0.133,1.164,-67.017,-8.545,17.761
0.044,-0.144,1.120,-64.880,-12.634,20.569
0.042,-0.156,1.109,-63.660,-6.104,19.104
0.061,-0.171,1.074,-62.195,4.089,14.954
0.079,-0.164,1.046,-56.763,20.508,4.883
0.106,-0.133,1.027,-55.176,17.151,4.089
0.115,-0.121,1.049,-56.763,-8.850,13.367
0.129,-0.109,1.130,-59.937,-21.240,17.639
0.129,-0.108,1.161,-59.509,-25.757,15.503
0.100,-0.111,1.171,-53.406,-15.991,9.766
0.091,-0.125,1.141,-34.851,16.479,-0.977
0.103,-0.145,1.038,-28.015,29.663,-2.930
0.113,-0.150,0.986,-23.926,39.307,-1.648
0.143,-0.131,0.934,-26.184,37.598,-0.793
0.166,-0.094,0.949,-38.574,26.489,-1.526
0.180,-0.025,1.015,-43.030,20.142,-3.784
0.177,-0.013,1.045,-40.344,11.597,-8.301
0.157,-0.005,1.065,-35.767,8.545,-8.362
0.149,-0.009,1.057,-26.367,5.432,-3.418
0.153,0.007,1.050,-23.926,4.456,0.854
0.219,0.096,1.231,-19.592,-0.610,5.737
0.256,0.111,1.493,25.818,-60.486,11.414
0.164,-0.021,1.266,39.124,-60.791,4.456
0.125,-0.075,0.932,0.488,18.555,-15.442
0.181,-0.052,0.953,-12.939,40.649,-17.944
0.190,-0.109,0.979,-5.066,31.982,-12.207
0.176,-0.112,0.963,-1.404,18.311,-10.193
0.165,-0.034,0.978,-3.601,-4.944,-7.507
0.148,-0.012,0.990,-3.113,-11.841,-4.883
0.131,-0.017,0.994,1.404,-13.184,1.892
0.123,-0.049,0.982,3.235,-9.094,3.296
0.142,-0.050,0.978,5.554,-1.892,0.244
0.144,-0.053,0.978,6.287,-2.930,-1.709
0.137,-0.054,0.987,5.737,-10.925,-2.930
0.118,-0.063,1.026,5.249,-13.916,-2.075
0.110,-0.071,1.033,3.296,-12.451,-0.061
0.119,-0.073,1.020,1.709,-8.850,0.549
0.131,-0.068,1.011,-1.465,-3.784,0.183
0.128,-0.060,0.997,-2.319,-2.991,-0.732
0.119,-0.060,0.994,-2.686,0.610,-1.770
0.107,-0.051,0.988,-2.380,3.052,-1.770
0.104,-0.047,0.987,-1.221,5.188,-1.709
0.111,-0.048,0.995,-1.038,4.578,-1.343
0.119,-0.049,0.999,-0.977,1.892,-0.061
0.138,-0.051,0.997,-1.404,0.854,0.183
0.146,-0.049,0.998,-3.113,0.061,-1.099
0.148,-0.059,0.996,-3.662,0.549,-1.831
0.147,-0.065,0.994,-4.333,1.404,-3.052
0.142,-0.051,1.001,-4.272,1.099,-3.357
0.136,-0.052,0.999,-2.869,0.671,-1.709
0.122,-0.052,0.989,-2.136,0.854,-1.038
0.117,-0.049,0.991,-0.854,0.061,-0.183
0.116,-0.048,0.995,-0.610,-0.305,0.122
0.118,-0.045,0.998,-0.793,1.526,-0.916
0.123,-0.042,0.992,-0.854,3.113,-1.404
0.130,-0.042,0.990,-0.305,4.211,-1.343
0.146,-0.051,0.994,0.183,3.601,-0.916
0.152,-0.055,0.995,0.549,0.916,-0.244
0.158,-0.051,1.001,0.305,-0.793,-0.305
0.153,-0.050,1.000,0.061,-2.502,-0.427
0.135,-0.052,0.993,0.305,-2.258,-0.061
0.129,-0.049,0.993,1.160,-0.427,-0.122
0.117,-0.047,0.994,1.648,0.671,-0.488
0.112,-0.047,0.997,2.502,1.282,-0.366
0.121,-0.053,1.001,2.441,0.488,0.183
0.127,-0.054,0.994,1.526,-0.427,0.732
0.143,-0.047,1.000,1.099,0.305,0.427
0.152,-0.049,1.005,-0.122,1.099,-0.244
0.152,-0.058,0.994,-0.549,0.732,-0.610
0.144,-0.058,0.992,0.366,-1.160,-0.916
0.125,-0.056,1.002,0.854,-2.563,-0.488
0.119,-0.052,1.004,0.488,-2.686,-0.122
0.118,-0.047,0.996,-0.183,-1.648,-0.366
0.121,-0.043,0.992,-0.610,-0.244,-1.038
0.127,-0.045,0.993,-0.183,-0.183,-0.793
0.129,-0.047,0.994,0.488,-0.610,0.549
0.137,-0.048,0.996,0.610,-0.732,1.282
0.140,-0.046,0.995,0.610,-0.671,1.709
0.139,-0.038,1.005,-0.549,-1.221,1.465
0.134,-0.041,1.005,-1.404,-1.770,1.587
0.132,-0.042,0.997,-2.258,-3.418,2.991

-0.081,0.673,2.487,31.067,-17.639,23.071
-0.051,0.703,2.532,109.680,13.794,28.381
0.040,0.709,2.366,157.471,24.963,28.625
0.047,0.662,2.206,237.488,39.490,26.062
0.046,0.568,1.857,268.677,50.903,23.193
0.041,0.539,1.672,321.655,70.129,19.226
0.055,0.562,1.294,344.299,75.195,19.409
0.071,0.593,1.150,371.887,78.735,18.677
0.078,0.568,0.947,378.174,84.473,14.526
0.076,0.537,0.864,389.343,110.901,-8.728
0.047,0.525,0.597,400.574,131.287,-28.931
0.007,0.519,0.393,429.382,175.171,-79.529
-0.103,0.408,-0.135,440.857,193.481,-105.957
-0.175,0.342,-0.432,450.378,213.745,-165.955
-0.490,0.248,-1.096,454.346,215.332,-200.256
-0.776,0.170,-1.487,464.355,212.341,-257.996
-1.551,-0.345,-2.441,450.134,209.106,-258.728
-1.738,-0.833,-2.943,305.664,175.659,-133.850
-1.390,-1.522,-3.117,176.575,142.944,-29.419
-0.810,-1.397,-2.703,-51.514,63.782,106.995
0.007,-0.780,-1.659,-107.605,-12.451,125.305
0.119,-0.631,-1.288,-159.790,-154.541,125.305
0.167,-0.561,-0.811,-180.603,-179.871,116.333
0.172,-0.545,-0.636,-208.008,-169.617,86.731
0.112,-0.617,-0.370,-210.144,-159.180,74.097
0.056,-0.691,-0.286,-210.693,-141.907,58.716
-0.030,-0.785,-0.175,-212.646,-130.737,52.612
-0.051,-0.784,-0.111,-215.820,-100.769,43.030
-0.047,-0.730,0.013,-215.393,-84.839,41.748
0.003,-0.704,0.058,-215.820,-59.875,48.096
0.136,-0.597,0.130,-220.825,-58.838,54.504
0.191,-0.520,0.181,-236.572,-89.294,62.744
0.176,-0.376,0.310,-244.446,-110.901,61.096
0.126,-0.339,0.403,-251.770,-127.502,44.617
0.022,-0.301,0.636,-251.953,-121.338,33.691
-0.005,-0.240,0.720,-251.526,-92.346,18.127
0.035,-0.066,0.828,-248.535,-79.895,15.564
0.051,0.005,0.912,-244.080,-80.688,14.343
-0.010,0.048,1.143,-243.469,-81.787,11.963
-0.030,0.043,1.257,-234.497,-58.044,1.282
-0.004,0.077,1.354,-218.384,-40.771,-5.920
0.001,0.094,1.341,-177.246,-31.677,-11.536
-0.037,0.083,1.343,-167.603,-35.828,-8.301
-0.054,0.091,1.381,-171.814,-28.503,-1.831
-0.047,0.140,1.510,-176.880,-13.977,-2.747
-0.022,0.146,1.554,-173.462,2.319,-5.310
0.008,0.104,1.557,-135.986,5.798,-5.737
0.004,0.074,1.518,-113.342,-9.827,-1.526
-0.021,-0.004,1.444,-83.984,-37.842,6.775
-0.026,-0.017,1.420,-79.285,-36.072,6.409
-0.008,-0.002,1.407,-72.632,4.578,-4.639
0.054,0.043,1.357,-62.378,26.428,-10.681
0.080,0.005,1.231,-33.020,40.405,-13.977
0.078,-0.030,1.168,-22.644,34.180,-11.292
0.085,-0.043,1.124,-13.062,8.240,0.427
0.084,-0.062,1.057,-11.108,-7.629,5.493
0.072,-0.051,1.025,-19.531,-16.541,4.639
0.075,-0.006,0.990,-24.353,-4.639,-1.526
0.096,0.017,0.998,-24.597,14.404,-16.357
0.076,0.013,1.022,-22.217,12.451,-18.799
0.054,0.019,1.045,-15.991,2.380,-11.841
0.066,0.067,1.221,-7.019,-11.902,-3.662
0.020,0.040,1.228,15.076,-33.325,7.507
0.008,-0.006,1.129,15.259,-22.278,6.958
0.033,-0.013,1.074,-1.404,9.949,-2.136
0.053,-0.029,1.014,-7.263,18.311,-7.080
0.049,-0.036,1.000,-7.935,18.738,-10.376
0.045,-0.037,0.966,-5.859,14.038,-8.423
0.040,-0.035,0.948,-2.075,2.869,-3.113
0.037,-0.028,0.953,0.000,-0.610,-0.244
0.048,-0.020,0.975,4.272,-4.211,4.333
0.066,-0.005,1.022,5.554,-4.395,4.517
0.071,-0.007,1.038,4.883,1.282,-0.366
0.054,-0.014,1.027,3.235,2.869,-2.930
0.045,-0.024,1.014,0.305,3.784,-3.174
0.059,-0.028,1.009,-1.099,3.174,-1.404
0.068,-0.028,1.007,-2.380,2.075,0.488
0.077,-0.026,0.989,-1.648,2.991,0.061
0.076,-0.017,0.984,1.343,0.427,-0.061
0.053,-0.028,1.004,2.502,-3.052,1.221
0.038,-0.040,1.013,3.418,-1.221,2.136
0.038,-0.033,0.994,3.357,3.418,0.793
0.049,-0.010,0.995,2.686,6.409,-2.197
0.040,-0.017,1.019,2.380,2.808,-1.587
0.036,-0.035,1.015,1.770,2.625,0.610
0.067,-0.036,0.997,2.136,6.165,0.427
0.081,-0.024,0.997,2.258,5.188,-1.038
0.062,-0.034,1.017,1.770,4.150,-1.648
0.053,-0.046,1.015,1.160,5.676,-1.770
0.067,-0.033,0.982,1.526,11.169,-1.892
0.083,-0.018,0.985,2.625,9.399,-1.221
0.085,-0.015,1.001,2.075,-2.686,0.854
0.068,-0.037,1.031,0.366,-3.052,0.732
0.065,-0.038,1.014,-1.160,5.127,-1.160
0.076,-0.026,0.988,-0.366,6.775,-1.099
0.081,-0.031,0.996,0.793,4.883,0.305
0.083,-0.032,0.992,0.854,5.371,0.000
0.086,-0.024,0.984,2.075,5.554,-1.404
0.086,-0.029,1.009,3.052,1.282,-0.488
0.085,-0.040,1.017,2.808,-3.479,2.380
0.093,-0.033,1.010,1.526,-1.526,1.587
0.083,-0.034,1.005,0.061,-0.122,-0.854
0.061,-0.043,1.005,-0.061,-1.404,-0.610
0.059,-0.040,1.005,0.305,-1.160,0.793
0.060,-0.034,1.004,0.305,0.488,0.854
0.064,-0.032,1.002,0.305,2.991,0.305
0.075,-0.030,0.998,0.488,2.686,-0.244
0.077,-0.034,0.999,0.732,1.953,-0.671
0.079,-0.034,1.001,1.465,1.648,-0.183
0.079,-0.032,1.002,1.526,1.709,0.244
0.077,-0.032,1.000,1.648,1.587,0.854
0.079,-0.030,0.998,1.892,1.526,1.160
0.084,-0.031,1.003,1.587,1.465,1.465
0.093,-0.032,1.003,0.854,0.916,1.038
0.090,-0.033,1.000,0.549,0.000,0.427
0.082,-0.036,1.002,0.671,-0.305,0.610
0.079,-0.042,1.002,1.038,0.854,0.916
0.082,-0.038,0.998,1.160,1.465,1.221
0.087,-0.032,1.000,1.282,-0.977,1.038

0.036,0.561,2.282,-2.686,-46.326,36.621
0.017,0.604,2.381,69.702,-37.476,35.278
0.036,0.651,2.346,104.919,-20.874,30.212
0.056,0.623,2.239,168.030,24.231,10.376
0.094,0.564,1.893,198.120,47.546,-0.854
0.115,0.533,1.711,250.061,74.707,-15.259
0.090,0.442,1.395,269.775,76.233,-18.555
0.070,0.425,1.253,294.922,70.313,-19.958
0.057,0.418,1.052,302.979,64.758,-19.348
0.031,0.396,0.985,321.472,56.213,-19.958
-0.040,0.343,0.818,332.153,63.599,-22.827
-0.052,0.323,0.719,349.426,103.821,-36.072
-0.033,0.276,0.472,357.483,127.075,-45.288
-0.026,0.234,0.331,364.502,144.775,-55.054
0.001,0.100,0.018,375.305,159.058,-75.012
0.029,0.034,-0.158,378.296,158.020,-85.144
0.037,-0.031,-0.351,381.592,138.245,-109.558
-0.097,-0.194,-0.788,381.653,128.784,-126.221
-0.245,-0.283,-1.048,380.249,132.507,-166.138
-0.664,-0.493,-1.667,371.704,140.442,-181.763
-0.811,-0.629,-2.030,314.209,131.531,-170.654
-1.097,-1.223,-2.448,250.122,108.276,-127.747
-0.793,-1.448,-2.266,55.908,79.224,8.423
-0.451,-1.231,-1.910,-28.442,57.495,60.181
-0.219,-0.961,-1.542,-123.169,-35.706,103.577
-0.098,-0.705,-1.011,-148.560,-77.637,111.450
-0.071,-0.677,-0.843,-191.833,-101.440,110.779
-0.015,-0.663,-0.593,-205.811,-96.313,102.539
-0.014,-0.685,-0.494,-216.187,-89.661,84.290
-0.043,-0.742,-0.323,-219.971,-89.722,80.017
-0.033,-0.737,-0.246,-233.887,-84.839,83.740
0.058,-0.652,-0.096,-239.990,-82.336,89.416
0.114,-0.595,-0.025,-247.803,-90.454,101.013
0.199,-0.482,0.150,-252.380,-98.389,103.333
0.232,-0.425,0.275,-262.085,-108.154,95.886
0.282,-0.294,0.510,-261.414,-109.863,87.036
0.281,-0.239,0.600,-245.239,-110.229,62.927
0.225,-0.183,0.759,-240.417,-102.112,49.194
0.215,-0.165,0.840,-243.713,-63.965,26.062
0.219,-0.101,1.036,-243.164,-49.438,18.982
0.217,-0.055,1.131,-223.938,-42.664,13.367
0.239,-0.020,1.217,-205.749,-42.297,13.428
0.251,-0.028,1.194,-159.973,-52.490,12.756
0.163,-0.035,1.155,-145.935,-65.491,12.146
0.106,-0.046,1.189,-150.940,-63.293,5.127
0.072,-0.052,1.263,-155.273,-37.659,-3.601
0.088,-0.059,1.267,-136.780,20.935,-14.587
0.142,-0.096,1.178,-119.751,31.738,-11.230
0.171,-0.093,1.123,-99.670,4.272,8.789
0.194,-0.045,1.137,-102.173,-21.362,17.639
0.181,-0.024,1.213,-118.164,-41.687,13.855
0.154,0.028,1.354,-121.216,-30.273,3.967
0.147,0.036,1.372,-101.074,-3.784,-8.728
0.123,-0.012,1.299,-83.130,1.892,-7.935
0.117,-0.037,1.235,-62.195,6.775,-1.709
0.162,-0.023,1.193,-62.317,9.033,0.000
0.187,0.002,1.204,-64.270,11.719,-0.671
0.215,0.018,1.245,-59.143,11.719,-6.714
0.191,0.026,1.227,-53.955,4.150,-7.751
0.163,0.009,1.213,-41.077,-7.019,-1.221
0.200,0.068,1.312,-36.133,-12.512,3.052
0.281,0.175,1.549,7.080,-61.707,13.550
0.099,0.025,1.456,34.973,-76.111,12.756
-0.005,-0.093,1.159,14.099,1.465,-2.319
0.094,-0.060,0.949,-8.118,41.992,-10.559
0.146,-0.055,0.956,-8.240,52.185,-19.104
0.146,-0.084,0.934,-1.526,37.598,-15.381
0.154,-0.069,0.931,0.854,-0.793,1.282
0.176,-0.023,0.963,-0.305,-17.151,6.714
0.168,-0.017,0.997,-0.366,-26.367,5.188
0.132,-0.034,1.043,0.793,-19.287,2.014
0.123,-0.048,1.030,0.610,3.235,-2.502
0.134,-0.055,0.982,-0.854,10.193,-3.479
0.144,-0.055,0.984,-2.869,10.315,-3.052
0.149,-0.062,1.008,-2.625,6.104,-2.258
0.145,-0.062,1.015,-2.258,-0.671,-0.244
0.146,-0.046,1.005,-2.747,-2.014,0.549
0.146,-0.043,0.993,-2.991,-0.366,0.122
0.147,-0.042,0.980,-2.686,1.465,-0.488
0.148,-0.041,0.985,-1.099,0.305,-0.488
0.148,-0.050,0.991,-0.183,-1.465,-0.122
0.152,-0.049,0.993,0.854,-4.822,0.549
0.150,-0.050,1.001,1.343,-6.287,0.916
0.148,-0.051,0.996,1.587,-6.165,1.038
0.151,-0.034,0.985,1.404,-4.639,0.183
0.142,-0.029,0.998,0.732,-2.136,-1.343
0.118,-0.058,1.003,0.427,-0.061,-0.916
0.132,-0.061,0.990,0.305,2.563,-0.305
0.154,-0.042,0.990,1.221,1.892,-0.793
0.142,-0.046,1.004,2.014,-1.465,-0.793
0.133,-0.054,1.009,2.197,-2.380,0.916
0.158,-0.044,0.993,1.526,-0.916,1.709
0.164,-0.038,0.997,-1.343,-1.831,0.244
0.125,-0.059,1.008,-2.869,-1.404,-0.854
0.111,-0.066,0.998,-2.380,3.357,-0.671
0.136,-0.049,0.975,-0.427,3.906,-0.061
0.143,-0.041,0.984,2.625,-1.587,0.244
0.134,-0.053,1.001,3.174,-1.587,0.183
0.142,-0.046,0.991,3.967,2.625,0.549
0.163,-0.032,0.986,4.517,1.953,0.549
0.155,-0.044,0.995,4.700,-0.671,0.366
0.145,-0.057,1.000,4.028,0.671,0.732
0.147,-0.056,0.998,2.075,2.258,0.305
0.136,-0.062,1.000,1.343,2.380,-0.305
0.135,-0.064,1.002,0.977,4.456,-0.305
0.149,-0.050,0.992,1.099,3.845,-0.427
0.152,-0.049,0.993,0.854,-1.343,0.000
0.150,-0.059,1.005,-0.061,-2.136,-0.305
0.151,-0.059,0.999,-1.526,-0.366,-1.526
0.152,-0.055,0.987,-1.282,-0.793,-1.587
0.154,-0.055,0.992,-0.427,-2.686,-0.916
0.154,-0.051,0.998,-0.610,-2.930,-0.427
0.153,-0.049,0.997,-1.099,-4.211,0.671
0.150,-0.053,0.997,-1.282,-5.981,1.404
0.147,-0.057,0.996,-1.526,-7.690,2.625
0.145,-0.052,0.989,-1.465,-6.714,2.502
0.141,-0.049,0.984,0.000,-3.906,1.099
0.133,-0.047,0.987,0.793,-2.930,0.549
0.124,-0.047,0.998,1.343,-2.747,-0.061

0.051,0.522,2.199,46.448,-28.076,14.404
0.057,0.523,2.142,121.460,15.869,4.089
0.081,0.397,1.884,151.306,30.396,1.343
0.092,0.318,1.736,195.007,46.997,-1.343
0.127,0.221,1.467,210.754,51.086,-2.380
0.127,0.200,1.353,232.849,44.128,-2.136
0.078,0.138,1.135,240.173,34.607,1.221
0.054,0.102,1.027,248.413,24.841,9.094
0.053,0.092,0.897,248.535,27.466,10.620
0.062,0.089,0.885,246.521,31.677,10.498
0.060,0.058,0.861,247.742,33.691,9.216
0.065,0.027,0.830,254.272,47.668,-0.488
0.056,-0.039,0.727,260.071,56.519,-8.301
0.049,-0.052,0.666,266.296,63.599,-14.526
0.084,-0.105,0.537,277.100,74.280,-20.691
0.121,-0.160,0.475,281.250,78.979,-24.475
0.150,-0.219,0.403,289.673,88.074,-39.978
0.165,-0.321,0.158,296.021,95.154,-51.575
0.136,-0.356,-0.033,319.336,114.990,-80.200
-0.051,-0.399,-0.556,334.412,127.319,-97.534
-0.196,-0.429,-0.877,360.596,155.090,-135.193
-0.501,-0.591,-1.595,359.741,167.175,-147.644
-0.624,-0.753,-1.918,293.579,168.274,-123.169
-0.655,-1.213,-2.309,223.511,146.606,-79.163
-0.534,-1.359,-2.205,37.720,63.843,22.522
-0.222,-1.122,-1.560,-48.218,25.330,53.589
-0.090,-0.875,-1.196,-131.775,-44.434,76.721
0.079,-0.690,-0.708,-156.250,-89.416,85.022
0.075,-0.694,-0.474,-163.452,-93.201,82.458
0.049,-0.723,-0.415,-172.241,-72.632,67.688
0.061,-0.834,-0.365,-177.551,-56.335,60.242
0.098,-0.868,-0.353,-195.068,-39.368,56.152
0.183,-0.854,-0.285,-205.749,-45.593,59.998
0.214,-0.815,-0.210,-231.201,-79.163,73.914
0.218,-0.687,0.015,-243.408,-95.398,79.041
0.227,-0.598,0.135,-250.671,-101.929,72.998
0.268,-0.403,0.324,-243.713,-96.130,63.049
0.276,-0.342,0.376,-227.417,-92.590,41.809
0.258,-0.297,0.491,-227.478,-98.511,35.339
0.208,-0.296,0.613,-243.225,-112.366,26.550
0.073,-0.227,0.914,-247.253,-105.774,18.616
0.052,-0.154,1.019,-232.910,-56.274,3.235
0.105,-0.057,1.113,-215.332,-30.579,0.427
0.130,-0.042,1.140,-173.584,-24.170,8.667
0.119,-0.050,1.202,-157.410,-40.039,18.677
0.110,-0.064,1.234,-144.165,-61.523,33.813
0.124,-0.100,1.304,-143.005,-55.176,30.212
0.124,-0.113,1.295,-128.418,-17.395,3.967
0.130,-0.139,1.180,-116.333,5.432,-8.301
0.137,-0.156,1.118,-103.821,24.292,-13.977
0.149,-0.175,1.084,-103.516,16.602,-9.399
0.148,-0.171,1.115,-105.652,-6.287,1.526
0.143,-0.120,1.218,-106.323,-7.874,3.113
0.158,-0.092,1.256,-98.572,4.456,-0.610
0.172,-0.055,1.286,-89.478,3.601,-2.258
0.151,-0.057,1.283,-71.960,-10.193,-2.136
0.110,-0.115,1.230,-66.040,-11.353,-1.648
0.109,-0.128,1.189,-61.768,5.981,-5.493
0.143,-0.104,1.128,-61.035,16.968,-8.240
0.166,-0.082,1.116,-59.387,19.226,-7.080
0.185,-0.045,1.128,-59.814,12.085,-4.456
0.191,-0.036,1.140,-57.495,-2.991,-0.488
0.179,-0.038,1.140,-54.321,-9.521,0.305
0.153,-0.044,1.130,-49.805,-14.160,0.000
0.103,-0.057,1.088,-39.917,-9.094,-1.831
0.106,-0.044,1.061,-36.865,2.258,-2.686
0.134,-0.022,1.042,-29.663,21.057,-0.977
0.281,0.129,1.260,-18.616,8.423,4.272
0.268,0.111,1.334,20.874,-40.955,13.062
0.161,0.004,1.263,28.564,-43.762,9.888
0.130,-0.055,1.180,14.221,-10.254,-2.869
0.102,-0.104,1.007,-0.061,10.803,-8.667
0.125,-0.083,0.980,-10.498,30.334,-12.085
0.157,-0.081,0.962,-6.592,26.672,-9.827
0.158,-0.077,0.955,0.366,7.202,-4.028
0.168,-0.036,0.980,1.343,-0.793,-1.709
0.176,-0.033,1.003,2.197,-9.216,0.122
0.168,-0.044,0.995,2.075,-9.949,-0.977
0.156,-0.054,0.991,1.221,-4.028,-3.784
0.134,-0.069,1.005,0.793,-1.587,-3.967
0.135,-0.070,1.013,-0.427,0.732,-2.380
0.156,-0.064,1.005,-1.892,1.099,-2.014
0.159,-0.060,0.995,-3.601,-1.038,-2.380
0.152,-0.062,0.981,-2.930,-1.953,-2.197
0.153,-0.061,0.981,-1.526,-2.380,-1.648
0.172,-0.061,0.984,1.648,-2.808,0.061
0.178,-0.056,0.987,2.136,-2.014,-0.122
0.157,-0.063,0.995,1.770,-1.953,-2.258
0.141,-0.067,0.999,1.953,-3.601,-1.343
0.144,-0.060,1.005,1.526,-3.540,0.122
0.155,-0.057,1.000,0.549,-3.052,0.732
0.157,-0.056,0.993,-1.892,-2.625,-0.549
0.149,-0.060,0.995,-2.563,-2.380,-1.343
0.141,-0.064,0.998,-2.930,-0.610,-2.258
0.138,-0.063,0.996,-2.747,0.610,-2.136
0.140,-0.059,0.990,-1.343,1.404,-1.465
0.145,-0.057,0.981,0.000,1.160,-1.343
0.145,-0.055,0.984,2.930,-0.061,-1.465
0.141,-0.054,0.995,3.418,-0.549,-1.648
0.139,-0.060,1.004,2.197,-0.610,-2.014
0.146,-0.064,1.010,0.549,0.610,-2.075
0.153,-0.056,1.004,-2.197,3.113,-0.305
0.162,-0.057,0.987,-2.502,2.197,0.671
0.164,-0.061,0.982,-0.793,0.061,1.587
0.171,-0.062,0.978,0.671,0.061,1.404
0.168,-0.058,0.983,2.930,0.977,-0.488
0.144,-0.057,0.998,3.418,1.526,-1.099
0.137,-0.057,1.003,2.808,2.075,-0.183
0.143,-0.060,1.000,1.831,2.319,0.183
0.150,-0.061,0.993,0.183,1.343,-0.061
0.151,-0.064,0.997,-0.244,-0.061,-0.427
0.145,-0.073,1.002,-0.244,0.000,-0.122
0.163,-0.068,0.988,0.244,0.793,0.549
0.171,-0.059,0.984,0.916,-0.183,0.366
0.168,-0.060,0.992,0.793,-0.183,-0.244
0.165,-0.060,0.993,0.122,0.244,-0.732
0.156,-0.060,0.995,0.000,-0.244,-0.427
0.155,-0.059,0.998,-0.671,-0.427,0.488
0.163,-0.054,0.989,-1.282,-0.183,0.366

0.069,0.781,2.495,-16.479,-77.820,30.151
0.012,0.882,2.655,67.261,-26.978,2.930
-0.004,0.837,2.522,180.847,38.208,-6.348
-0.004,0.645,2.017,228.027,58.594,-4.761
-0.002,0.567,1.770,292.175,72.815,1.343
0.010,0.478,1.320,315.002,75.928,3.845
0.011,0.449,1.117,340.271,83.984,1.953
0.002,0.382,0.811,342.895,90.088,-2.075
-0.001,0.356,0.705,337.769,109.924,-16.602
0.029,0.288,0.528,335.876,124.634,-27.649
0.050,0.245,0.441,336.182,139.099,-41.321
0.040,0.136,0.241,339.050,150.085,-70.435
0.014,0.066,0.128,337.707,146.790,-82.397
-0.010,-0.015,0.007,324.280,138.611,-101.074
-0.040,-0.195,-0.247,314.270,139.343,-111.206
-0.069,-0.281,-0.386,301.392,145.386,-136.597
-0.239,-0.432,-0.736,302.612,144.226,-149.475
-0.373,-0.519,-0.955,309.937,130.615,-166.748
-0.679,-0.843,-1.485,300.964,122.009,-165.649
-0.810,-1.066,-1.730,216.858,109.436,-127.380
-0.740,-1.376,-1.970,145.264,96.252,-85.999
-0.389,-1.353,-1.566,4.211,15.442,14.099
-0.254,-1.184,-1.299,-83.801,-72.144,84.167
-0.023,-0.858,-0.833,-107.910,-92.346,99.548
0.060,-0.771,-0.669,-142.212,-82.520,99.854
0.155,-0.723,-0.457,-150.574,-69.031,90.576
0.168,-0.750,-0.404,-155.029,-58.838,67.688
0.134,-0.833,-0.340,-157.288,-60.608,59.021
0.125,-0.853,-0.261,-169.800,-65.186,55.908
0.138,-0.830,-0.210,-178.528,-68.604,60.242
0.188,-0.743,-0.071,-195.618,-77.637,71.106
0.211,-0.684,0.011,-211.426,-81.787,79.895
0.273,-0.559,0.190,-215.942,-83.801,80.261
0.293,-0.491,0.275,-220.642,-102.417,72.754
0.251,-0.371,0.468,-223.633,-114.197,63.782
0.215,-0.329,0.597,-237.366,-111.633,41.687
0.179,-0.244,0.815,-240.601,-95.642,31.677
0.176,-0.201,0.881,-228.149,-63.538,18.005
0.141,-0.166,0.962,-217.285,-56.519,15.320
0.103,-0.177,0.975,-190.430,-54.260,13.245
0.026,-0.187,0.945,-176.453,-54.260,13.245
0.014,-0.155,0.940,-167.847,-55.359,19.775
0.056,-0.047,1.051,-173.828,-58.105,26.855
0.077,-0.010,1.141,-177.917,-68.176,36.499
0.065,0.008,1.289,-169.250,-71.411,34.973
0.050,-0.012,1.305,-135.193,-57.922,19.165
0.015,-0.043,1.215,-117.798,-42.358,7.935
-0.003,-0.035,1.181,-106.201,-17.761,-0.793
-0.009,-0.017,1.231,-107.971,-13.428,2.930
0.004,-0.009,1.280,-104.675,-15.686,10.193
0.032,-0.014,1.302,-96.069,-18.677,11.780
0.044,-0.028,1.277,-76.843,-24.719,14.648
0.062,-0.044,1.204,-72.449,-23.499,14.221
0.072,-0.026,1.193,-72.876,-12.146,7.202
0.088,0.007,1.245,-73.547,-3.906,2.014
0.099,0.037,1.278,-68.604,15.076,-6.287
0.135,0.099,1.334,-62.439,18.616,-6.836
0.115,0.050,1.320,-42.786,14.587,-6.165
0.094,0.019,1.282,-28.503,11.475,-8.118
0.077,-0.013,1.175,-23.132,13.184,-7.751
0.087,-0.022,1.122,-15.564,16.174,-3.174
0.105,-0.031,1.037,-14.771,16.541,-1.953
0.116,0.000,1.041,-15.503,18.250,-2.869
0.194,0.124,1.242,-7.507,9.277,-1.465
0.165,0.090,1.238,15.320,-5.493,-4.517
0.102,0.012,1.082,12.695,2.747,-9.521
0.106,-0.001,1.041,-4.456,24.048,-13.550
0.133,-0.034,1.009,-7.385,28.442,-14.771
0.141,-0.050,0.991,-3.418,25.513,-13.245
0.162,-0.038,0.938,-0.488,19.409,-9.094
0.174,-0.024,0.930,3.479,1.160,1.038
0.183,-0.003,0.979,4.395,-6.348,3.357
0.177,0.001,1.010,5.066,-10.437,2.686
0.150,-0.021,1.021,5.188,-7.263,0.549
0.138,-0.026,1.005,4.456,-2.502,-2.014
0.135,-0.022,0.999,0.916,2.197,-4.089
0.133,-0.027,1.011,-0.427,0.305,-3.418
0.123,-0.035,1.010,-1.099,-2.625,-1.587
0.116,-0.027,1.000,-1.099,-1.831,-0.916
0.121,-0.020,0.994,-0.366,-0.732,-0.366
0.128,-0.022,0.998,-0.183,-0.916,-0.366
0.129,-0.030,0.999,0.061,-0.366,-0.366
0.131,-0.029,0.995,0.061,-0.183,-0.305
0.137,-0.027,0.996,0.244,-0.305,-0.610
0.138,-0.031,0.996,0.671,-0.488,-0.610
0.138,-0.031,0.999,1.038,1.099,-0.244
0.140,-0.029,0.997,1.038,2.502,-0.793
0.139,-0.024,0.993,0.977,2.747,-1.770
0.138,-0.027,0.996,1.404,0.793,-1.404
0.140,-0.028,1.003,1.160,-2.197,-0.061
0.147,-0.027,1.004,0.427,-1.892,0.122
0.147,-0.026,1.001,-0.244,-1.160,-0.122
0.136,-0.029,0.993,-0.732,0.305,-0.732
0.129,-0.026,0.993,-0.488,0.305,-0.610
0.127,-0.024,0.997,0.061,-1.526,0.610
0.133,-0.023,0.998,0.122,-1.526,0.977
0.141,-0.022,0.997,0.183,-1.465,0.610
0.144,-0.024,0.998,0.000,-2.625,0.427
0.142,-0.029,0.998,-0.366,-3.357,0.244
0.131,-0.034,0.994,-0.244,-2.502,0.061
0.127,-0.031,0.992,0.977,-1.892,0.427
0.119,-0.028,0.997,1.282,-2.441,0.305
0.115,-0.023,1.002,0.732,-1.526,-1.160
0.118,-0.021,1.001,0.366,-0.122,-1.770
0.125,-0.027,0.999,0.061,1.587,-1.160
0.142,-0.035,0.996,-0.061,1.526,-0.793
0.143,-0.036,0.994,0.122,0.549,-1.282
0.134,-0.032,0.994,0.793,0.061,-1.343
0.135,-0.025,0.996,1.648,-1.099,-0.732
0.141,-0.014,0.998,1.343,-1.587,-0.610
0.137,-0.018,1.001,0.244,-3.052,-0.732
0.128,-0.032,1.007,-0.488,-3.723,-0.671
0.125,-0.034,1.007,-1.282,-3.601,0.061
0.126,-0.034,0.994,-0.977,-3.784,0.610
0.130,-0.031,0.988,0.488,-3.418,0.793
0.130,-0.022,0.987,1.282,-2.625,0.305
0.125,-0.023,0.992,2.747,-2.808,0.000
0.123,-0.026,1.004,2.930,-3.418,0.305
0.125,-0.027,1.006,2.441,-3.418,0.366

0.032,0.616,2.218,-3.906,-67.261,26.062
-0.014,0.639,2.256,72.937,-42.419,13.306
-0.050,0.612,2.165,106.323,-21.118,8.789
-0.046,0.587,2.073,165.894,10.071,3.113
-0.037,0.547,1.853,192.444,16.663,2.502
-0.038,0.513,1.740,238.342,26.367,0.732
-0.066,0.407,1.424,258.972,38.879,-3.601
-0.071,0.377,1.238,288.025,77.393,-16.418
-0.040,0.317,0.959,295.654,91.309,-22.278
-0.028,0.256,0.848,306.152,105.286,-33.752
-0.012,0.138,0.643,309.692,110.840,-40.222
-0.003,0.095,0.537,317.139,117.371,-50.964
0.021,-0.005,0.325,318.909,116.821,-54.138
0.033,-0.057,0.237,313.110,112.122,-60.791
0.037,-0.148,0.106,307.312,109.619,-66.711
0.031,-0.192,0.046,296.082,111.267,-83.313
0.022,-0.299,-0.083,292.664,113.708,-92.590
-0.010,-0.362,-0.158,296.082,107.605,-108.154
-0.142,-0.505,-0.342,301.208,101.196,-113.464
-0.228,-0.566,-0.453,304.199,97.900,-118.042
-0.382,-0.638,-0.699,296.570,102.844,-117.615
-0.428,-0.696,-0.835,267.273,114.075,-105.164
-0.429,-0.861,-1.211,250.671,103.455,-90.271
-0.419,-0.964,-1.390,208.496,18.860,-39.978
-0.484,-1.245,-1.602,159.546,-22.400,-5.676
-0.407,-1.218,-1.575,29.785,-37.292,42.908
-0.113,-0.944,-1.235,-26.550,-24.841,52.063
0.004,-0.849,-1.063,-96.375,-9.460,60.181
0.125,-0.807,-0.833,-118.408,-11.536,62.012
0.136,-0.791,-0.727,-144.104,-31.982,54.626
0.035,-0.804,-0.539,-145.447,-50.842,47.241
-0.051,-0.864,-0.488,-150.391,-70.374,41.321
-0.061,-0.916,-0.416,-164.307,-57.312,45.715
0.005,-0.855,-0.359,-199.829,-24.780,59.021
0.106,-0.748,-0.224,-211.792,-21.973,62.561
0.130,-0.739,-0.139,-223.938,-32.471,63.171
0.149,-0.714,0.080,-225.037,-39.978,60.913
0.145,-0.673,0.190,-216.919,-53.772,55.359
0.188,-0.568,0.353,-209.900,-59.265,55.725
0.240,-0.514,0.399,-201.538,-79.529,64.209
0.265,-0.432,0.508,-205.505,-92.896,66.101
0.225,-0.417,0.609,-222.473,-88.501,48.096
0.154,-0.385,0.830,-223.145,-68.359,32.593
0.151,-0.341,0.886,-199.768,-36.499,17.944
0.152,-0.285,0.897,-184.387,-38.269,20.996
0.133,-0.283,0.883,-169.800,-53.589,29.602
0.115,-0.257,0.903,-171.387,-50.232,29.236
0.131,-0.239,0.943,-171.814,-20.325,16.785
0.163,-0.199,1.033,-163.879,-9.949,9.644
0.164,-0.181,1.033,-138.916,-20.386,9.155
0.155,-0.168,1.015,-132.935,-36.194,15.259
0.134,-0.165,1.036,-135.559,-58.716,23.193
0.094,-0.157,1.127,-136.353,-56.458,22.095
0.085,-0.151,1.158,-127.747,-36.255,11.719
0.069,-0.109,1.113,-117.371,-26.428,6.531
0.061,-0.120,1.064,-100.464,-21.606,9.949
0.063,-0.137,1.033,-99.670,-28.748,16.235
0.069,-0.112,1.053,-103.699,-46.021,25.696
0.080,-0.049,1.098,-107.178,-46.509,24.719
0.078,-0.023,1.115,-112.366,-30.640,13.550
0.050,0.022,1.173,-110.901,-25.696,10.010
0.028,0.029,1.209,-107.178,-26.428,10.071
0.027,0.030,1.244,-97.778,-31.311,15.381
0.034,0.035,1.231,-91.919,-28.564,15.137
0.041,0.030,1.217,-80.383,-12.939,7.324
0.044,0.029,1.202,-77.026,-7.629,3.357
0.039,0.032,1.218,-57.556,-3.784,1.160
0.240,0.593,2.446,18.066,-25.818,8.606
0.170,0.083,2.119,123.718,-26.184,10.864
-0.125,-0.284,0.783,45.410,29.480,-8.545
0.008,-0.120,0.799,-50.171,72.815,-16.235
0.193,-0.137,1.031,-36.194,44.861,-9.827
0.158,-0.165,1.019,-11.475,-3.540,-6.531
0.112,-0.079,1.018,-12.817,-5.493,-8.423
0.091,-0.048,1.002,-12.939,2.136,-11.597
0.048,-0.012,0.961,-9.521,5.066,-10.315
0.051,-0.021,0.970,0.122,10.010,-4.150
0.068,-0.026,0.991,3.662,10.132,-2.441
0.071,-0.031,1.001,6.165,1.892,-0.732
0.076,-0.050,1.021,4.272,-2.075,-0.427
0.083,-0.064,1.024,-0.305,-0.427,-1.160
0.100,-0.066,1.001,-1.465,2.014,-2.014
0.105,-0.061,0.997,-0.732,3.784,-2.075
0.097,-0.052,0.999,-0.610,3.967,-1.770
0.096,-0.043,1.007,-1.221,2.808,-0.854
0.085,-0.048,1.000,-1.282,1.343,-0.732
0.082,-0.050,0.998,-1.526,0.305,-0.671
0.088,-0.050,0.994,-1.282,1.221,-0.977
0.088,-0.047,0.991,-1.160,2.319,-1.465
0.094,-0.046,1.001,-0.549,2.991,-1.221
0.096,-0.046,1.002,0.183,2.197,-0.549
0.099,-0.050,1.001,0.488,0.916,0.000
0.097,-0.052,1.001,0.549,0.488,-0.183
0.096,-0.054,1.001,0.549,-0.671,0.000
0.095,-0.056,1.002,0.549,-1.648,0.305
0.092,-0.057,1.000,0.732,-1.953,0.671
0.094,-0.043,1.002,0.305,-1.221,0.427
0.091,-0.042,1.003,-0.916,0.366,-0.610
0.086,-0.057,0.996,-0.793,0.610,-0.671
0.087,-0.053,0.998,-0.183,-0.732,-0.305
0.083,-0.055,1.007,-0.183,-0.610,-0.366
0.088,-0.055,0.999,0.244,1.465,-0.122
0.105,-0.038,0.997,0.366,0.549,-0.244
0.097,-0.044,1.006,-0.183,-0.671,-1.099
0.087,-0.056,0.998,-0.061,0.244,-0.610
0.099,-0.044,0.996,0.854,-2.075,1.160
0.096,-0.048,1.006,0.427,-3.723,0.732
0.083,-0.060,1.005,-0.305,-1.038,-0.183
0.083,-0.056,0.992,0.488,1.648,0.061
0.094,-0.042,0.992,1.892,2.747,0.122
0.089,-0.048,1.007,1.831,0.977,-0.427
0.080,-0.060,1.010,0.793,1.465,-0.671
0.096,-0.049,1.000,0.427,2.441,-0.244
0.104,-0.044,1.000,0.061,-1.038,0.854
0.101,-0.057,1.004,-0.183,-2.563,1.526
0.102,-0.055,0.992,-0.244,-1.221,1.282
0.092,-0.044,0.990,0.244,-0.488,0.183
0.077,-0.048,0.998,1.038,1.404,-0.610
0.086,-0.039,1.006,0.732,2.441,-0.061

0.007,0.502,2.157,25.940,-54.260,23.193
-0.013,0.494,2.140,94.971,-23.926,17.639
0.009,0.425,1.940,124.756,0.000,10.742
0.031,0.395,1.802,166.565,41.992,-7.507
0.076,0.377,1.599,179.626,55.542,-14.771
0.097,0.365,1.547,202.515,63.965,-22.949
0.106,0.336,1.446,216.003,62.683,-26.489
0.089,0.328,1.379,243.591,63.538,-34.119
0.038,0.276,1.209,255.615,71.045,-38.391
0.017,0.242,1.107,265.808,85.266,-44.617
-0.007,0.174,0.849,282.471,123.230,-62.988
-0.007,0.131,0.707,295.715,150.391,-78.064
0.052,0.034,0.479,299.622,152.100,-80.933
0.099,-0.003,0.401,302.246,143.738,-80.444
0.154,-0.082,0.271,305.603,106.506,-74.036
0.163,-0.116,0.218,305.054,88.135,-71.350
0.172,-0.140,0.166,301.331,67.993,-72.571
0.170,-0.189,0.034,301.697,62.805,-77.454
0.130,-0.231,-0.056,311.279,47.058,-94.849
-0.044,-0.368,-0.305,316.345,38.147,-102.844
-0.138,-0.460,-0.469,311.890,46.570,-113.953
-0.276,-0.586,-0.804,305.420,65.002,-119.995
-0.360,-0.633,-0.975,292.786,93.140,-126.343
-0.527,-0.755,-1.402,283.569,92.712,-119.690
-0.600,-0.921,-1.536,231.689,51.270,-68.176
-0.624,-1.251,-1.656,175.720,24.048,-25.757
-0.485,-1.265,-1.586,48.279,-22.766,39.734
-0.184,-1.015,-1.179,-3.967,-46.265,52.612
-0.099,-0.895,-0.941,-66.895,-71.716,59.204
-0.006,-0.808,-0.609,-86.060,-64.819,59.143
0.024,-0.796,-0.515,-111.938,-20.447,51.514
0.081,-0.817,-0.444,-117.249,0.854,44.495
0.090,-0.859,-0.445,-121.216,6.958,28.625
0.054,-0.958,-0.433,-126.831,-5.493,24.536
0.046,-0.985,-0.398,-142.151,-38.696,30.640
0.055,-0.954,-0.267,-146.973,-56.885,37.964
0.053,-0.915,-0.200,-149.597,-82.642,50.415
0.043,-0.842,-0.106,-151.489,-81.604,50.842
0.040,-0.812,-0.072,-154.724,-56.641,41.321
0.076,-0.785,0.004,-154.053,-43.152,37.354
0.110,-0.775,0.057,-154.541,-33.447,40.161
0.177,-0.712,0.172,-155.029,-40.222,44.617
0.196,-0.664,0.210,-154.358,-66.833,49.927
0.209,-0.570,0.233,-156.616,-76.355,47.424
0.204,-0.550,0.248,-168.884,-76.538,33.447
0.175,-0.580,0.436,-178.772,-71.411,26.123
0.160,-0.571,0.582,-187.744,-65.125,20.386
0.162,-0.444,0.765,-186.523,-53.406,18.005
0.178,-0.380,0.749,-175.171,-49.377,19.714
0.179,-0.418,0.647,-149.231,-51.819,19.714
0.123,-0.467,0.648,-148.132,-58.289,16.602
0.064,-0.479,0.701,-171.509,-42.908,5.798
0.068,-0.399,0.835,-180.847,-21.057,3.174
0.111,-0.353,0.865,-171.570,2.380,7.019
0.148,-0.348,0.936,-158.752,-7.629,11.169
0.118,-0.357,0.964,-136.353,-46.692,18.921
0.043,-0.300,0.951,-132.141,-53.894,20.203
0.039,-0.249,0.942,-139.648,-19.775,13.611
0.101,-0.182,0.933,-142.700,2.441,10.559
0.135,-0.189,0.951,-144.531,-5.432,17.639
0.089,-0.220,1.067,-146.423,-32.104,25.024
0.049,-0.214,1.158,-140.076,-68.481,35.522
0.033,-0.133,1.235,-134.766,-63.843,35.278
0.051,-0.090,1.212,-121.521,-18.250,23.071
0.106,-0.062,1.141,-112.366,3.662,15.015
0.123,-0.071,1.131,-99.854,11.292,8.057
0.112,-0.111,1.173,-97.107,2.319,9.399
0.109,-0.117,1.187,-91.187,-10.925,14.954
0.126,-0.083,1.229,-88.196,-16.907,18.311
0.128,-0.071,1.254,-82.581,-31.982,22.888
0.132,-0.056,1.265,-81.055,-29.785,20.142
0.138,-0.047,1.255,-79.651,-17.151,13.428
0.180,-0.046,1.242,-72.693,15.686,-0.671
0.187,-0.045,1.227,-65.735,17.517,-3.723
0.167,-0.049,1.224,-46.204,-4.211,-1.404
0.117,-0.066,1.197,-38.330,-14.343,2.686
0.109,-0.068,1.158,-29.907,-17.761,6.836
0.123,-0.044,1.058,-29.175,-13.367,5.066
0.165,0.016,1.113,-21.729,-9.216,-0.732
0.200,0.185,1.479,0.061,-21.118,-2.747
0.129,0.102,1.442,42.847,-13.672,-8.606
0.024,-0.076,1.017,23.987,9.216,-11.169
0.055,-0.058,0.969,-15.991,29.541,-11.719
0.109,-0.057,0.992,-16.785,23.254,-10.681
0.109,-0.058,0.986,-10.437,10.376,-9.338
0.102,-0.048,0.982,-7.996,6.226,-7.507
0.089,-0.045,0.994,-2.441,-1.343,-1.953
0.075,-0.037,1.018,0.000,-2.625,0.366
0.085,-0.028,1.006,2.441,-1.526,2.319
0.106,-0.022,0.990,2.014,-2.136,1.831
0.102,-0.029,1.000,-0.671,-2.075,-0.305
0.090,-0.050,1.011,-2.014,0.305,-1.282
0.092,-0.049,1.004,-2.319,3.601,-1.648
0.109,-0.032,0.994,-1.221,2.563,-0.916
0.110,-0.030,0.995,1.160,-0.488,0.549
0.099,-0.028,1.005,1.709,-1.221,1.221
0.104,-0.028,1.003,1.160,-1.099,1.282
0.105,-0.028,1.000,0.183,-1.038,0.427
0.098,-0.034,1.002,-0.671,-0.854,-0.305
0.103,-0.036,1.007,-1.404,-0.732,0.366
0.104,-0.036,1.007,-1.831,-1.465,0.732
0.101,-0.041,1.005,-2.563,-2.625,0.183
0.102,-0.037,0.996,-2.258,-2.930,0.305
0.099,-0.033,0.999,-0.610,-4.089,1.221
0.091,-0.035,0.999,-0.122,-3.235,0.916
0.084,-0.029,1.002,-0.183,0.183,-0.244
0.081,-0.029,1.006,-0.427,1.709,-0.732
0.083,-0.036,0.998,-0.366,2.869,-0.488
0.098,-0.035,0.989,1.282,3.479,-0.061
0.115,-0.024,0.992,1.953,2.075,-0.671
0.105,-0.027,1.008,0.366,1.038,-2.808
0.082,-0.049,1.011,-0.366,2.686,-3.052
0.093,-0.046,1.003,-0.366,4.700,-2.441
0.118,-0.025,0.999,0.732,3.052,-0.488
0.119,-0.022,1.001,0.977,-0.488,0.305
0.101,-0.038,1.009,-0.549,-4.944,0.122
0.091,-0.040,1.005,-1.648,-3.723,-0.793
0.092,-0.033,0.997,-2.197,-0.610,-0.427
0.102,-0.031,0.998,-1.953,0.183,0.427

-0.890,-0.907,-1.596,307.556,114.014,-152.039
-0.956,-1.411,-1.828,213.806,35.278,-40.894
-0.763,-1.416,-1.710,50.964,-14.709,59.692
-0.304,-1.000,-1.132,-14.587,-41.626,76.172
-0.170,-0.834,-0.846,-77.759,-86.731,80.566
0.019,-0.748,-0.454,-87.280,-89.050,80.688
0.110,-0.749,-0.349,-89.661,-63.354,72.327
0.250,-0.806,-0.254,-89.111,-52.795,63.843
0.271,-0.855,-0.244,-92.346,-54.443,43.945
0.204,-0.925,-0.213,-96.558,-60.730,34.546
0.156,-0.951,-0.177,-107.056,-63.965,20.447
0.105,-0.972,-0.059,-111.206,-59.631,17.395
0.079,-0.962,-0.005,-112.244,-47.302,14.709
0.050,-0.949,0.068,-110.413,-39.490,14.648
0.056,-0.943,0.084,-106.750,-22.888,17.273
0.071,-0.916,0.064,-104.797,-17.395,17.151
0.067,-0.912,0.049,-100.098,-17.578,16.907
0.040,-0.946,0.031,-98.511,-21.362,18.738
0.040,-0.948,0.047,-99.670,-26.917,26.550
0.110,-0.909,0.106,-101.013,-28.931,33.264
0.163,-0.874,0.130,-103.455,-39.368,47.974
0.204,-0.798,0.162,-104.675,-48.157,50.171
0.191,-0.769,0.188,-109.924,-57.129,42.358
0.174,-0.752,0.261,-114.075,-54.077,36.926
0.182,-0.740,0.301,-121.826,-43.396,31.372
0.219,-0.711,0.376,-124.023,-41.870,31.250
0.230,-0.698,0.409,-125.061,-48.279,32.410
0.208,-0.684,0.490,-124.817,-52.429,31.616
0.181,-0.671,0.542,-124.817,-50.049,25.452
0.152,-0.632,0.638,-124.023,-43.396,23.193
0.156,-0.614,0.669,-122.314,-28.992,21.912
0.192,-0.593,0.687,-120.850,-23.071,19.165
0.203,-0.589,0.681,-116.211,-22.583,13.184
0.190,-0.594,0.703,-114.624,-27.588,11.719
0.172,-0.585,0.738,-114.319,-33.203,10.681
0.160,-0.548,0.806,-113.159,-39.551,11.414
0.164,-0.530,0.830,-107.544,-44.922,17.944
0.172,-0.497,0.842,-103.943,-48.279,19.775
0.164,-0.490,0.829,-99.060,-47.485,13.184
0.115,-0.498,0.793,-98.755,-40.161,7.324
0.106,-0.511,0.797,-99.976,-22.766,3.845
0.115,-0.502,0.839,-98.816,-23.132,6.714
0.113,-0.475,0.854,-93.445,-41.138,15.015
0.098,-0.426,0.838,-92.163,-45.654,17.700
0.104,-0.409,0.813,-91.003,-42.053,17.822
0.111,-0.405,0.783,-88.623,-24.170,11.475
0.107,-0.399,0.773,-90.332,-17.517,8.362
0.107,-0.360,0.829,-100.464,-19.531,9.766
0.095,-0.347,0.904,-103.577,-27.283,12.573
0.088,-0.309,1.001,-99.365,-34.729,16.235
0.102,-0.268,0.975,-94.482,-30.090,16.174
0.116,-0.206,0.899,-84.961,-18.860,10.681
0.100,-0.210,0.903,-84.900,-18.188,7.568
0.086,-0.200,0.966,-93.323,-15.503,3.540
0.089,-0.179,1.024,-96.008,-13.184,2.686
0.086,-0.159,1.093,-91.980,-18.066,5.005
0.074,-0.120,1.133,-85.754,-20.691,6.958
0.070,-0.118,1.092,-70.679,-18.677,8.179
0.062,-0.138,0.995,-67.688,-17.578,6.836
0.054,-0.133,0.985,-75.562,-10.986,2.136
0.063,-0.074,1.059,-81.421,-9.094,1.465
0.062,-0.056,1.114,-83.496,-14.465,4.578
0.064,-0.044,1.251,-81.421,-20.447,5.371
0.052,-0.043,1.281,-70.007,-25.574,2.380
0.043,-0.029,1.255,-63.477,-19.714,0.916
0.029,0.068,1.414,-33.569,-7.019,-5.798
0.160,0.343,2.355,40.100,-16.602,-4.639
0.031,-0.111,1.757,68.420,10.620,5.371
-0.050,-0.291,0.700,-6.958,56.091,-4.883
0.120,-0.145,0.873,-53.833,57.800,-10.925
0.168,-0.159,1.077,-34.363,21.179,-5.066
0.113,-0.155,1.017,-22.339,-7.446,-0.610
0.077,-0.059,0.941,-23.437,-11.292,0.305
0.069,-0.031,0.940,-19.836,-3.845,-1.709
0.057,-0.026,0.959,-3.418,2.869,-2.380
0.058,-0.022,0.978,2.930,3.113,-1.953
0.026,-0.028,1.015,3.540,0.488,-2.014
0.013,-0.052,1.015,3.296,-2.319,0.610
0.056,-0.066,1.011,1.343,-0.244,1.526
0.086,-0.068,1.014,-2.197,4.761,-0.610
0.101,-0.075,0.993,-3.174,5.737,-2.136
0.100,-0.076,1.001,-0.488,3.723,-3.113
0.081,-0.078,1.002,0.977,2.441,-2.686
0.083,-0.067,1.002,0.977,2.136,-1.709
0.089,-0.048,1.008,-0.305,0.793,-0.366
0.084,-0.055,1.006,-1.587,-0.793,-0.305
0.089,-0.057,0.997,-4.150,-1.770,0.244
0.091,-0.048,0.992,-4.517,-3.113,-0.366
0.071,-0.066,1.001,-4.028,-4.089,-0.244
0.066,-0.073,0.998,-3.113,-3.723,-0.061
0.057,-0.060,0.997,-0.610,-0.244,-0.732
0.047,-0.065,1.002,0.854,1.038,-0.854
0.059,-0.054,0.996,1.892,4.028,-0.183
0.071,-0.048,1.001,1.953,4.028,-0.244
0.071,-0.058,1.007,1.282,2.197,-0.671
0.083,-0.063,1.000,0.305,3.357,-0.977
0.089,-0.057,0.997,-0.488,1.892,-2.380
0.069,-0.075,1.008,-0.183,-0.305,-2.075
0.069,-0.081,1.007,-0.061,2.319,-0.549
0.082,-0.059,0.998,-0.305,4.883,-0.610
0.084,-0.056,1.000,0.427,5.920,-0.305
0.089,-0.050,0.989,0.916,6.042,-0.366
0.092,-0.046,0.989,0.427,5.310,-1.831
0.081,-0.063,1.009,-0.061,5.005,-2.258
0.080,-0.065,1.008,-0.671,4.150,-0.366
0.097,-0.052,1.003,-0.671,2.380,0.854
0.101,-0.056,1.001,-1.404,0.488,0.671
0.101,-0.057,0.992,-1.160,0.610,0.183
0.099,-0.054,0.997,0.183,-1.831,0.061
0.081,-0.066,1.004,0.244,-2.014,0.122
0.079,-0.066,1.001,0.061,-1.038,0.183
0.083,-0.059,1.004,-0.305,-1.099,0.610
0.084,-0.062,1.003,-0.549,-0.977,0.610
0.089,-0.060,0.997,-0.854,-0.061,0.000
0.090,-0.057,1.001,-0.671,-0.916,-0.183
0.087,-0.066,1.002,-0.061,-0.977,-0.244
0.090,-0.060,0.999,0.122,-0.977,-0.244
0.085,-0.062,1.004,0.122,-2.136,-0.305
0.080,-0.062,1.005,-0.549,-1.465,-0.305

0.000,0.587,2.264,27.588,-31.616,23.010
-0.011,0.625,2.236,103.882,-4.150,13.306
0.014,0.620,2.115,131.653,12.268,8.789
0.028,0.560,2.054,177.490,43.884,-2.625
0.048,0.443,1.850,201.050,60.547,-9.338
0.051,0.406,1.717,247.925,81.238,-17.639
0.039,0.351,1.464,266.479,83.740,-17.700
0.046,0.327,1.340,294.373,86.243,-14.954
0.050,0.253,1.046,306.458,87.891,-15.625
0.037,0.211,0.892,319.458,99.670,-23.865
0.024,0.170,0.678,317.200,110.779,-30.823
0.036,0.167,0.600,312.012,131.592,-45.227
0.052,0.093,0.381,313.538,134.888,-51.575
0.056,0.024,0.239,316.101,135.193,-58.411
0.072,-0.031,0.101,315.918,119.141,-68.848
0.072,-0.141,-0.140,313.049,99.060,-70.801
0.050,-0.199,-0.227,296.875,64.636,-74.158
0.004,-0.314,-0.412,285.767,61.157,-78.918
-0.014,-0.379,-0.522,272.522,75.012,-98.633
-0.113,-0.512,-0.805,274.292,74.951,-109.924
-0.227,-0.603,-0.979,277.710,61.890,-118.774
-0.428,-0.816,-1.332,267.883,63.843,-112.793
-0.469,-0.894,-1.520,223.145,75.500,-77.087
-0.417,-1.101,-1.793,189.514,67.688,-47.974
-0.378,-1.216,-1.818,69.214,33.875,16.602
-0.178,-1.151,-1.516,-3.052,21.790,38.940
-0.103,-1.011,-1.244,-107.910,2.930,56.030
-0.051,-0.837,-0.791,-131.836,-4.822,58.167
-0.045,-0.843,-0.654,-150.452,-14.587,54.504
-0.054,-0.913,-0.489,-155.212,-14.038,49.438
-0.038,-0.939,-0.423,-159.058,-11.047,46.631
0.046,-0.929,-0.305,-166.748,-13.184,54.077
0.094,-0.893,-0.248,-172.180,-24.048,61.218
0.141,-0.855,-0.179,-184.937,-52.795,72.998
0.217,-0.785,0.011,-188.477,-64.636,74.280
0.232,-0.665,0.199,-183.289,-81.299,67.627
0.255,-0.612,0.269,-176.331,-84.778,63.538
0.330,-0.560,0.405,-169.922,-88.196,58.105
0.323,-0.538,0.466,-172.485,-93.140,53.589
0.265,-0.516,0.592,-176.025,-89.905,34.851
0.240,-0.519,0.668,-167.175,-64.697,14.038
0.200,-0.479,0.768,-158.936,-55.359,9.766
0.187,-0.460,0.798,-150.330,-52.551,11.780
0.164,-0.450,0.840,-139.160,-57.739,22.278
0.159,-0.432,0.848,-135.986,-55.054,23.560
0.162,-0.408,0.846,-127.747,-31.311,15.503
0.185,-0.400,0.848,-121.826,-17.395,8.728
0.188,-0.399,0.851,-113.464,-8.179,2.319
0.214,-0.378,0.814,-113.281,-14.648,5.371
0.220,-0.374,0.806,-118.652,-40.344,11.414
0.154,-0.396,0.900,-119.995,-50.659,10.498
0.111,-0.388,0.932,-113.220,-53.345,8.240
0.090,-0.324,0.894,-108.704,-48.584,9.216
0.100,-0.298,0.904,-111.023,-46.631,11.963
0.110,-0.270,1.003,-113.525,-48.950,12.878
0.106,-0.274,1.052,-111.206,-40.039,11.047
0.120,-0.258,1.083,-106.873,-30.273,8.423
0.133,-0.253,1.051,-92.285,-19.470,2.563
0.112,-0.290,0.969,-87.646,-21.423,1.587
0.082,-0.297,0.970,-93.262,-29.236,3.357
0.071,-0.268,1.042,-96.680,-26.611,3.601
0.077,-0.243,1.077,-97.046,-21.423,2.869
0.072,-0.195,1.103,-90.881,-16.785,1.953
0.080,-0.172,1.115,-88.074,-18.677,3.113
0.066,-0.160,1.167,-85.205,-26.367,1.404
0.038,-0.175,1.190,-83.374,-26.917,-1.160
0.023,-0.184,1.196,-77.332,-14.587,-1.892
0.045,-0.179,1.150,-74.036,-6.348,-0.549
0.069,-0.134,1.113,-69.153,3.601,1.465
0.083,-0.104,1.105,-67.871,6.592,1.953
0.105,-0.071,1.105,-67.688,13.245,2.075
0.159,-0.021,1.158,-68.237,12.207,1.343
0.162,0.001,1.185,-64.087,2.808,-1.648
0.155,0.020,1.233,-58.289,-0.488,-2.686
0.150,0.005,1.246,-43.152,-7.568,-5.554
0.096,-0.022,1.210,-35.828,-5.737,-4.272
0.131,0.061,1.428,5.066,-5.920,-6.836
0.073,-0.051,1.394,35.645,-5.981,-9.949
0.007,-0.183,1.029,7.141,27.893,-7.446
0.138,-0.086,0.951,-15.747,32.959,-4.211
0.184,-0.071,1.023,-15.259,4.639,2.380
0.159,-0.091,0.994,-11.108,-4.578,3.174
0.148,-0.076,0.969,-8.606,-5.737,0.549
0.107,-0.053,0.951,-5.249,-3.723,-1.282
0.086,-0.050,0.966,3.174,1.526,-3.113
0.071,-0.039,0.997,5.371,5.371,-3.235
0.077,-0.034,1.009,5.737,8.301,-3.235
0.081,-0.031,1.018,3.357,5.554,-2.136
0.090,-0.048,1.017,1.038,0.916,-0.610
0.102,-0.058,1.015,-3.662,-0.793,0.793
0.118,-0.070,0.989,-4.456,1.892,0.427
0.122,-0.073,0.982,-1.160,1.953,0.122
0.127,-0.072,0.990,1.770,-0.671,-0.122
0.120,-0.071,0.996,3.723,-1.709,-0.549
0.112,-0.068,1.010,3.052,-0.122,-0.488
0.108,-0.063,1.008,0.977,0.366,-0.488
0.095,-0.066,1.005,0.122,-0.610,-0.366
0.094,-0.069,1.001,-0.732,0.305,-0.244
0.102,-0.057,0.992,-0.793,1.770,-0.549
0.100,-0.058,0.995,0.671,3.540,-0.793
0.099,-0.064,0.988,1.221,4.944,-0.916
0.100,-0.057,0.988,1.282,8.606,-2.136
0.097,-0.061,0.999,1.465,9.827,-2.258
0.104,-0.060,0.997,1.709,10.193,-1.831
0.118,-0.055,0.995,2.075,7.385,-0.854
0.135,-0.058,1.001,2.014,4.272,-0.671
0.132,-0.068,1.001,1.953,1.953,-0.793
0.139,-0.074,0.995,2.014,2.197,-0.427
0.142,-0.068,0.999,1.831,-0.488,0.061
0.126,-0.080,1.004,1.160,-1.038,-0.122
0.128,-0.077,0.999,-0.610,0.732,-0.183
0.132,-0.062,0.999,-0.610,-0.854,0.244
0.124,-0.068,0.999,-1.343,-3.174,0.916
0.118,-0.062,0.992,-1.892,-1.709,0.793
0.115,-0.057,0.991,-0.854,0.000,0.122
0.099,-0.067,0.997,-0.061,0.366,0.122
0.101,-0.066,0.996,1.709,2.258,0.427
0.115,-0.058,0.997,2.380,2.625,0.427
0.121,-0.061,1.000,1.587,2.930,0.427

0.106,0.686,2.269,-30.701,-66.467,46.448
0.030,0.772,2.512,58.228,-53.650,24.719
-0.003,0.738,2.446,153.931,5.737,7.080
-0.010,0.573,2.104,191.406,35.156,3.052
0.035,0.436,1.812,236.999,76.660,-4.761
0.055,0.377,1.710,266.602,99.304,-15.076
0.044,0.327,1.504,282.959,104.797,-18.860
0.036,0.327,1.353,317.749,113.281,-19.958
0.015,0.285,0.963,331.665,119.507,-19.531
0.009,0.257,0.775,340.698,139.160,-25.879
0.047,0.201,0.484,336.548,151.917,-34.546
0.077,0.167,0.372,328.064,165.649,-57.129
0.149,0.069,0.122,325.867,158.386,-65.308
0.177,-0.007,-0.007,317.383,123.779,-77.026
0.198,-0.127,-0.186,308.350,105.286,-82.764
0.196,-0.179,-0.256,290.344,79.407,-92.163
0.122,-0.292,-0.404,284.119,73.669,-99.915
0.036,-0.355,-0.479,272.034,83.435,-125.305
-0.179,-0.477,-0.646,267.151,98.694,-140.320
-0.281,-0.526,-0.764,269.043,111.023,-158.813
-0.506,-0.701,-1.099,269.226,95.886,-153.015
-0.608,-0.841,-1.285,241.516,57.678,-103.699
-0.611,-1.103,-1.571,211.182,43.152,-66.223
-0.557,-1.206,-1.607,106.750,22.034,5.249
-0.308,-1.119,-1.449,45.349,9.460,27.832
-0.160,-1.006,-1.240,-50.049,-28.931,50.598
0.009,-0.861,-0.837,-80.872,-44.312,57.983
0.088,-0.798,-0.612,-119.812,-48.584,63.599
0.093,-0.783,-0.553,-130.615,-41.992,58.838
-0.013,-0.832,-0.497,-139.648,-25.635,38.452
-0.092,-0.895,-0.492,-145.630,-3.479,22.827
-0.141,-0.988,-0.504,-151.428,8.301,24.475
-0.084,-0.972,-0.483,-167.358,10.071,47.119
0.079,-0.871,-0.365,-174.072,-5.859,63.782
0.141,-0.825,-0.301,-179.077,-28.076,79.407
0.193,-0.718,-0.147,-189.331,-68.909,93.506
0.183,-0.651,-0.049,-197.632,-87.952,81.482
0.187,-0.527,0.147,-198.364,-89.844,72.266
0.219,-0.473,0.233,-198.914,-96.741,64.209
0.269,-0.414,0.417,-200.439,-106.812,64.514
0.255,-0.422,0.558,-203.857,-121.948,57.434
0.160,-0.412,0.840,-200.867,-115.173,48.157
0.133,-0.360,0.899,-191.772,-97.412,38.879
0.167,-0.286,0.943,-163.635,-57.312,31.433
0.200,-0.265,0.983,-151.978,-47.974,32.166
0.216,-0.242,1.009,-134.521,-48.523,29.297
0.213,-0.274,0.976,-128.479,-47.729,24.841
0.216,-0.313,0.958,-132.446,-42.419,16.724
0.194,-0.318,1.042,-137.207,-43.152,14.648
0.167,-0.322,1.117,-130.615,-52.246,15.747
0.117,-0.299,1.140,-119.690,-53.894,18.005
0.145,-0.260,1.079,-99.915,-39.917,19.226
0.190,-0.255,0.988,-97.290,-32.532,14.954
0.188,-0.280,1.008,-104.187,-35.095,6.531
0.150,-0.313,1.068,-107.056,-39.612,5.798
0.132,-0.324,1.107,-100.952,-35.339,10.071
0.130,-0.314,1.087,-91.187,-27.161,13.428
0.150,-0.297,1.037,-76.843,-14.832,18.127
0.208,-0.250,0.996,-77.026,-14.832,16.663
0.217,-0.235,1.022,-83.923,-25.940,9.094
0.195,-0.234,1.094,-86.365,-33.447,7.263
0.175,-0.236,1.136,-83.191,-38.513,5.859
0.146,-0.227,1.189,-76.843,-35.400,5.493
0.140,-0.213,1.178,-63.660,-25.635,5.005
0.159,-0.170,1.141,-61.035,-21.851,3.479
0.155,-0.163,1.154,-63.049,-19.592,-3.662
0.117,-0.162,1.203,-63.721,-17.334,-5.859
0.103,-0.161,1.224,-56.213,-9.766,-5.310
0.088,-0.148,1.215,-48.462,-5.798,-3.845
0.094,-0.141,1.186,-35.828,-2.625,-0.854
0.112,-0.127,1.136,-32.288,-4.028,0.122
0.120,-0.122,1.133,-31.067,-10.010,1.160
0.113,-0.117,1.146,-31.677,-11.292,0.244
0.105,-0.122,1.164,-27.283,-7.080,-3.357
0.094,-0.122,1.160,-22.339,-4.089,-3.723
0.099,-0.116,1.130,-12.634,4.761,-1.038
0.128,-0.118,1.061,-9.888,9.338,-2.258
0.138,-0.121,1.037,-8.911,12.390,-7.385
0.125,-0.124,1.007,-9.155,10.742,-8.667
0.117,-0.115,1.017,-5.615,2.686,-5.066
0.108,-0.100,1.043,-1.831,-3.906,-1.404
0.109,-0.089,1.038,0.427,-7.324,1.526
0.123,-0.082,1.022,-1.526,-3.845,0.122
0.120,-0.095,1.003,-5.859,5.310,-5.249
0.111,-0.114,0.977,-7.874,8.423,-7.324
0.108,-0.115,0.977,-8.240,8.240,-7.446
0.093,-0.132,0.971,-5.798,5.737,-5.554
0.087,-0.133,0.968,-0.977,-0.610,-0.427
0.089,-0.110,0.975,-0.061,-3.357,1.831
0.092,-0.102,0.990,-1.526,-4.578,2.075
0.097,-0.091,1.028,-3.479,-2.869,0.854
0.099,-0.091,1.035,-6.592,2.197,-0.732
0.101,-0.104,1.018,-7.507,3.540,-0.977
0.101,-0.116,1.007,-8.240,4.028,-0.977
0.106,-0.122,0.985,-8.545,4.395,-0.671
0.112,-0.116,0.982,-7.690,3.906,-0.244
0.118,-0.107,0.988,-5.676,1.465,0.244
0.114,-0.092,0.992,-4.517,0.610,-0.122
0.110,-0.089,0.990,-2.441,2.441,-1.221
0.102,-0.088,0.993,-1.831,4.028,-1.587
0.107,-0.085,0.996,-1.648,4.639,-0.916
0.118,-0.080,1.002,-2.258,3.235,-0.610
0.122,-0.085,1.011,-4.395,0.793,-0.488
0.116,-0.101,0.997,-5.005,0.549,-0.610
0.119,-0.101,0.988,-4.272,0.305,-0.183
0.126,-0.094,0.988,-3.174,0.122,0.000
0.126,-0.088,0.992,-2.197,2.991,-0.366
0.128,-0.078,0.996,-2.014,4.700,-0.549
0.131,-0.078,0.991,-0.854,1.953,-0.916
0.127,-0.079,0.994,-0.671,-1.221,-1.160
0.120,-0.083,1.003,-1.587,-2.197,-1.404
0.112,-0.096,0.997,-1.770,-0.061,-1.038
0.122,-0.094,0.995,-1.282,0.061,0.366
0.133,-0.091,0.993,-0.916,-1.770,0.793
0.126,-0.094,0.995,-0.244,-2.747,0.366
0.114,-0.085,0.997,-0.244,-1.770,0.244
0.116,-0.080,0.992,-0.305,-0.427,-0.305
0.116,-0.073,0.989,0.183,-1.831,-0.549
0.110,-0.075,1.003,0.183,-3.723,-0.549

0.079,0.540,2.229,-23.560,-62.866,42.175
0.039,0.573,2.378,42.908,-68.298,41.016
-0.029,0.600,2.434,83.496,-54.626,38.452
-0.041,0.622,2.338,161.743,-3.845,28.870
-0.039,0.617,2.055,193.359,22.217,21.362
-0.046,0.571,1.928,243.042,68.237,4.761
-0.089,0.434,1.681,264.771,88.745,-2.258
-0.115,0.379,1.527,308.716,122.925,-7.507
-0.116,0.339,1.171,329.224,135.742,-6.287
-0.103,0.327,0.989,346.558,145.996,-5.737
-0.093,0.306,0.819,364.319,165.344,-13.123
-0.063,0.270,0.555,363.464,177.124,-21.240
-0.037,0.238,0.428,354.065,203.064,-43.335
0.063,0.178,0.183,348.022,211.243,-56.458
0.117,0.159,0.076,339.966,191.833,-82.214
0.183,0.063,-0.119,341.003,163.025,-90.332
0.180,-0.020,-0.230,341.125,98.328,-100.647
0.045,-0.172,-0.458,336.182,81.299,-109.497
-0.078,-0.215,-0.592,324.646,105.225,-140.808
-0.395,-0.246,-0.971,324.280,136.902,-161.804
-0.613,-0.284,-1.217,330.078,182.251,-195.618
-1.045,-0.572,-1.851,325.256,179.199,-191.101
-1.178,-0.920,-2.127,250.000,116.272,-89.661
-0.977,-1.463,-2.411,165.405,75.745,-5.981
-0.615,-1.364,-2.208,-15.869,-10.986,103.210
-0.100,-0.810,-1.427,-76.172,-60.608,113.831
-0.001,-0.671,-1.070,-133.728,-124.573,112.122
0.123,-0.637,-0.561,-151.367,-123.962,111.206
0.196,-0.616,-0.398,-164.368,-105.469,106.934
0.330,-0.610,-0.205,-164.734,-61.768,83.862
0.348,-0.674,-0.167,-154.541,-54.382,67.627
0.308,-0.871,-0.110,-138.489,-65.613,39.368
0.264,-0.938,-0.081,-138.062,-75.806,32.776
0.222,-0.973,-0.038,-141.174,-87.708,29.114
0.158,-0.945,0.088,-140.869,-86.243,28.442
0.142,-0.918,0.131,-128.845,-73.547,27.832
0.149,-0.889,0.148,-119.629,-65.613,28.870
0.172,-0.880,0.133,-106.689,-53.955,36.560
0.260,-0.845,0.114,-105.164,-51.697,39.978
0.289,-0.815,0.110,-108.398,-54.382,38.574
0.314,-0.782,0.133,-110.718,-56.030,35.706
0.318,-0.775,0.168,-115.723,-62.927,31.616
0.291,-0.752,0.277,-116.394,-70.679,31.067
0.260,-0.730,0.333,-117.004,-84.473,33.142
0.223,-0.635,0.421,-120.911,-82.825,34.973
0.239,-0.580,0.435,-130.371,-60.425,32.471
0.329,-0.551,0.475,-133.362,-49.866,26.550
0.349,-0.546,0.536,-136.230,-54.993,14.221
0.288,-0.558,0.688,-133.240,-66.650,10.315
0.242,-0.564,0.737,-124.390,-73.669,7.507
0.197,-0.490,0.793,-123.230,-66.467,9.399
0.201,-0.460,0.827,-120.178,-50.049,13.306
0.215,-0.465,0.873,-115.967,-43.396,13.062
0.225,-0.439,0.874,-111.328,-39.673,11.780
0.243,-0.379,0.904,-106.689,-48.157,8.179
0.232,-0.390,0.935,-107.056,-54.749,4.211
0.161,-0.438,1.019,-105.164,-49.011,-9.705
0.127,-0.449,1.038,-100.952,-37.720,-14.038
0.108,-0.449,1.024,-84.900,-13.000,-11.841
0.119,-0.456,0.947,-77.332,-5.798,-7.629
0.136,-0.453,0.889,-74.463,-7.446,0.000
0.174,-0.409,0.856,-76.904,-12.512,1.404
0.201,-0.387,0.891,-82.092,-28.259,1.465
0.205,-0.371,1.006,-81.360,-40.405,0.061
0.163,-0.383,1.061,-78.979,-49.927,-6.775
0.103,-0.369,1.094,-77.637,-36.682,-10.010
0.115,-0.344,1.074,-66.833,3.418,-8.911
0.164,-0.329,1.026,-61.218,13.306,-3.845
0.168,-0.344,1.005,-58.472,3.540,8.545
0.153,-0.339,1.024,-60.791,-5.737,12.207
0.144,-0.336,1.052,-61.768,-17.273,14.526
0.177,-0.351,1.047,-58.655,-14.648,12.329
0.183,-0.342,1.046,-51.697,3.723,2.258
0.187,-0.304,1.069,-46.509,12.512,-2.747
0.200,-0.281,1.047,-38.269,20.508,-5.127
0.229,-0.271,1.030,-37.292,18.433,-2.869
0.228,-0.285,1.040,-38.757,6.470,2.625
0.202,-0.276,1.091,-40.710,3.174,2.869
0.187,-0.260,1.107,-39.978,7.996,-0.427
0.176,-0.235,1.075,-35.461,13.367,-1.343
0.192,-0.242,1.029,-25.879,16.235,-2.625
0.206,-0.234,0.992,-26.123,10.681,-6.165
0.173,-0.234,1.022,-32.288,0.061,-13.916
0.119,-0.237,1.086,-34.485,0.427,-15.137
0.124,-0.242,1.093,-31.677,8.789,-13.611
0.152,-0.192,1.088,-27.283,10.681,-13.672
0.133,-0.189,1.048,-18.555,4.639,-6.836
0.111,-0.238,0.989,-16.724,3.052,-3.723
0.115,-0.243,0.999,-13.367,-1.343,-1.587
0.109,-0.229,0.999,-10.803,-3.845,0.061
0.114,-0.232,0.974,-8.972,-1.282,4.272
0.135,-0.243,0.951,-9.705,2.075,4.639
0.133,-0.237,0.950,-9.644,4.028,4.028
0.132,-0.239,0.936,-6.409,4.700,5.859
0.156,-0.228,0.888,-7.507,3.357,7.385
0.170,-0.212,0.917,-14.526,-4.272,10.193
0.154,-0.209,1.004,-14.038,-9.888,11.169
0.160,-0.200,1.019,-7.202,-14.160,13.794
0.234,-0.150,1.034,-1.587,-17.883,15.686
0.214,-0.156,0.920,1.648,-18.066,20.752
0.216,-0.169,0.944,-5.127,-0.793,20.386
0.250,-0.161,1.025,-9.949,10.681,17.029
0.285,-0.134,1.156,-4.272,8.362,13.794
0.272,-0.083,1.183,15.381,16.968,8.972
0.250,-0.113,1.047,22.522,15.015,11.841
0.203,-0.194,0.903,26.367,7.324,14.404
0.117,-0.408,0.486,33.936,56.946,-11.780
0.233,-0.360,0.690,6.287,139.343,-38.696
0.384,-0.100,1.157,-27.161,136.230,-36.438
0.356,-0.097,1.152,-6.470,73.608,-12.512
0.343,-0.198,1.084,10.803,26.917,6.714
0.294,-0.299,0.922,24.231,36.438,-3.113
0.223,-0.336,0.866,53.040,53.955,-38.452
0.253,-0.294,0.959,62.561,46.753,-52.185
0.288,-0.284,1.001,42.664,28.992,-49.866
0.350,-0.158,0.972,13.306,32.898,-32.104
0.376,-0.200,0.987,-8.606,21.423,0.000
0.394,-0.304,0.992,-10.132,6.287,-2.747
0.422,-0.078,0.948,-21.057,-10.742,4.883